0.000000
0.000000
0.000000
0.000000
0.000001
0.000002
0.000004
0.000008
0.000015
0.000029
0.000053
0.000096
0.000170
0.000297
0.000508
0.000852
0.001402
0.002261
0.003575
0.005540
0.008415
0.012528
0.018278
0.026132
0.036611
0.050259
0.067602
0.089093
0.115044
0.145549
0.180421
0.219130
0.260776
0.304097
0.347511
0.389219
0.427333
0.460048
0.485818
0.503522
0.512610
0.513188
0.506041
0.492585
0.474751
0.454809
0.435150
0.418053
0.405464
0.398797
0.398797
0.405464
0.418053
0.435150
0.454809
0.474751
0.492585
0.506041
0.513188
0.512610
0.503522
0.485818
0.460048
0.427333
0.389219
0.347511
0.304097
0.260776
0.219130
0.180421
0.145549
0.115044
0.089093
0.067602
0.050259
0.036611
0.026132
0.018278
0.012528
0.008415
0.005540
0.003575
0.002261
0.001402
0.000852
0.000508
0.000297
0.000170
0.000096
0.000053
0.000029
0.000015
0.000008
0.000004
0.000002
0.000001
0.000000
0.000000
0.000000
0.000000
