0.000000
0.000000
0.015975
0.032129
0.046465
0.058154
0.066685
0.071836
0.073665
0.072477
0.068759
0.063118
0.056198
0.048620
0.040930
0.033562
0.026830
0.020925
0.015929
0.011843
0.008602
0.006106
0.004238
0.002876
0.001909
0.001240
0.000788
0.000490
0.000298
0.000178
0.000104
0.000059
0.000033
0.000018
0.000010
0.000005
0.000003
0.000001
0.000001
0.000000
0.000000
0.000000
0.000000
0.000000
0.000000
0.000000
0.000000
0.000000
0.000000
0.000000
0.000000
0.000000
0.000000
0.000000
0.000000
0.000000
0.000000
0.000000
0.000000
0.000000
0.000000
0.000001
0.000001
0.000003
0.000005
0.000010
0.000018
0.000033
0.000059
0.000104
0.000178
0.000298
0.000490
0.000788
0.001240
0.001909
0.002876
0.004238
0.006106
0.008602
0.011843
0.015929
0.020925
0.026830
0.033562
0.040930
0.048620
0.056198
0.063118
0.068759
0.072477
0.073665
0.071836
0.066685
0.058154
0.046465
0.032129
0.015975
0.000000
0.000000
