0.000000
0.000000
0.030717
0.064503
0.100107
0.137945
0.178232
0.220776
0.264939
0.309643
0.353431
0.394566
0.431176
0.461425
0.483683
0.496697
0.499714
0.492572
0.475710
0.450137
0.417330
0.379093
0.337401
0.294226
0.251390
0.210450
0.172617
0.138725
0.109235
0.084277
0.063708
0.047187
0.034245
0.024351
0.016966
0.011583
0.007748
0.005079
0.003262
0.002053
0.001266
0.000765
0.000453
0.000263
0.000150
0.000084
0.000046
0.000025
0.000014
0.000010
0.000010
0.000014
0.000025
0.000046
0.000084
0.000150
0.000263
0.000453
0.000765
0.001266
0.002053
0.003262
0.005079
0.007748
0.011583
0.016966
0.024351
0.034245
0.047187
0.063708
0.084277
0.109235
0.138725
0.172617
0.210450
0.251390
0.294226
0.337401
0.379093
0.417330
0.450137
0.475710
0.492572
0.499714
0.496697
0.483683
0.461425
0.431176
0.394566
0.353431
0.309643
0.264939
0.220776
0.178232
0.137945
0.100107
0.064503
0.030717
0.000000
0.000000
