0.000000
0.000000
-0.030633
-0.061634
-0.089194
-0.111734
-0.128277
-0.138387
-0.142155
-0.140138
-0.133247
-0.122620
-0.109477
-0.095000
-0.080236
-0.066025
-0.052982
-0.041488
-0.031721
-0.023692
-0.017293
-0.012340
-0.008612
-0.005879
-0.003927
-0.002567
-0.001643
-0.001029
-0.000632
-0.000380
-0.000223
-0.000129
-0.000073
-0.000040
-0.000022
-0.000012
-0.000006
-0.000003
-0.000002
-0.000001
-0.000000
-0.000000
-0.000000
-0.000000
-0.000000
-0.000000
-0.000000
-0.000000
-0.000000
-0.000000
-0.000000
-0.000000
-0.000000
-0.000000
-0.000000
-0.000000
-0.000000
-0.000000
-0.000000
-0.000000
-0.000001
-0.000002
-0.000003
-0.000006
-0.000012
-0.000022
-0.000040
-0.000073
-0.000129
-0.000223
-0.000380
-0.000632
-0.001029
-0.001643
-0.002567
-0.003927
-0.005879
-0.008612
-0.012340
-0.017293
-0.023692
-0.031721
-0.041488
-0.052982
-0.066025
-0.080236
-0.095000
-0.109477
-0.122620
-0.133247
-0.140138
-0.142155
-0.138387
-0.128277
-0.111734
-0.089194
-0.061634
-0.030633
0.000000
0.000000
