0.000000
0.000000
-0.000148
-0.000348
-0.000641
-0.001095
-0.001801
-0.002887
-0.004527
-0.006949
-0.010449
-0.015390
-0.022207
-0.031394
-0.043482
-0.059007
-0.078456
-0.102211
-0.130471
-0.163186
-0.199989
-0.240153
-0.282572
-0.325782
-0.368030
-0.407375
-0.441833
-0.469540
-0.488915
-0.498814
-0.498635
-0.488386
-0.468679
-0.440673
-0.405960
-0.366415
-0.324030
-0.280751
-0.238333
-0.198240
-0.161575
-0.129064
-0.101078
-0.077679
-0.058692
-0.043786
-0.032550
-0.024568
-0.019472
-0.016995
-0.016995
-0.019472
-0.024568
-0.032550
-0.043786
-0.058692
-0.077679
-0.101078
-0.129064
-0.161575
-0.198240
-0.238333
-0.280751
-0.324030
-0.366415
-0.405960
-0.440673
-0.468679
-0.488386
-0.498635
-0.498814
-0.488915
-0.469540
-0.441833
-0.407375
-0.368030
-0.325782
-0.282572
-0.240153
-0.199989
-0.163186
-0.130471
-0.102211
-0.078456
-0.059007
-0.043482
-0.031394
-0.022207
-0.015390
-0.010449
-0.006949
-0.004527
-0.002887
-0.001801
-0.001095
-0.000641
-0.000348
-0.000148
0.000000
0.000000
