0.000000
0.000000
0.080046
0.162681
0.239400
0.306986
0.363101
0.406089
0.435030
0.449774
0.450911
0.439696
0.417920
0.387745
0.351532
0.311654
0.270336
0.229525
0.190798
0.155320
0.123839
0.096718
0.073996
0.055460
0.040723
0.029294
0.020645
0.014253
0.009640
0.006387
0.004145
0.002635
0.001640
0.001000
0.000597
0.000349
0.000200
0.000112
0.000061
0.000033
0.000017
0.000009
0.000004
0.000002
0.000001
0.000000
0.000000
0.000000
0.000000
0.000000
0.000000
0.000000
0.000000
0.000000
0.000000
0.000001
0.000002
0.000004
0.000009
0.000017
0.000033
0.000061
0.000112
0.000200
0.000349
0.000597
0.001000
0.001640
0.002635
0.004145
0.006387
0.009640
0.014253
0.020645
0.029294
0.040723
0.055460
0.073996
0.096718
0.123839
0.155320
0.190798
0.229525
0.270336
0.311654
0.351532
0.387745
0.417920
0.439696
0.450911
0.449774
0.435030
0.406089
0.363101
0.306986
0.239400
0.162681
0.080046
0.000000
0.000000
