0.000000
0.000000
0.000000
0.000000
0.000000
0.000000
0.000000
0.000000
0.000000
0.000000
0.000000
0.000000
0.000001
0.000002
0.000003
0.000007
0.000013
0.000026
0.000049
0.000091
0.000166
0.000296
0.000518
0.000889
0.001495
0.002464
0.003981
0.006304
0.009786
0.014889
0.022203
0.032455
0.046499
0.065300
0.089887
0.121282
0.160401
0.207941
0.264235
0.329128
0.401848
0.480932
0.564201
0.648801
0.731340
0.808085
0.875239
0.929240
0.967079
0.986572
0.986572
0.967079
0.929240
0.875239
0.808085
0.731340
0.648801
0.564201
0.480932
0.401848
0.329128
0.264235
0.207941
0.160401
0.121282
0.089887
0.065300
0.046499
0.032455
0.022203
0.014889
0.009786
0.006304
0.003981
0.002464
0.001495
0.000889
0.000518
0.000296
0.000166
0.000091
0.000049
0.000026
0.000013
0.000007
0.000003
0.000002
0.000001
0.000000
0.000000
0.000000
0.000000
0.000000
0.000000
0.000000
0.000000
0.000000
0.000000
0.000000
0.000000
