0.000000
0.000000
0.046146
0.095869
0.146241
0.196937
0.247498
0.297096
0.344544
0.388369
0.426932
0.458591
0.481872
0.495635
0.499212
0.492492
0.475952
0.450621
0.417989
0.379869
0.338241
0.295084
0.252229
0.211240
0.173336
0.139360
0.109780
0.084731
0.064077
0.047480
0.034471
0.024522
0.017092
0.011674
0.007812
0.005123
0.003292
0.002073
0.001279
0.000773
0.000458
0.000266
0.000151
0.000084
0.000046
0.000025
0.000013
0.000007
0.000004
0.000002
0.000002
0.000004
0.000007
0.000013
0.000025
0.000046
0.000084
0.000151
0.000266
0.000458
0.000773
0.001279
0.002073
0.003292
0.005123
0.007812
0.011674
0.017092
0.024522
0.034471
0.047480
0.064077
0.084731
0.109780
0.139360
0.173336
0.211240
0.252229
0.295084
0.338241
0.379869
0.417989
0.450621
0.475952
0.492492
0.499212
0.495635
0.481872
0.458591
0.426932
0.388369
0.344544
0.297096
0.247498
0.196937
0.146241
0.095869
0.046146
0.000000
0.000000
