0.000000
0.000000
-0.000004
-0.000010
-0.000020
-0.000039
-0.000072
-0.000131
-0.000232
-0.000403
-0.000685
-0.001140
-0.001860
-0.002971
-0.004649
-0.007126
-0.010701
-0.015741
-0.022685
-0.032030
-0.044309
-0.060056
-0.079755
-0.103776
-0.132308
-0.165283
-0.202314
-0.242650
-0.285163
-0.328370
-0.370502
-0.409615
-0.443728
-0.470992
-0.489855
-0.499212
-0.498514
-0.487829
-0.467845
-0.439806
-0.405412
-0.366669
-0.325735
-0.284769
-0.245795
-0.210609
-0.180715
-0.157296
-0.141218
-0.133042
-0.133042
-0.141218
-0.157296
-0.180715
-0.210609
-0.245795
-0.284769
-0.325735
-0.366669
-0.405412
-0.439806
-0.467845
-0.487829
-0.498514
-0.499212
-0.489855
-0.470992
-0.443728
-0.409615
-0.370502
-0.328370
-0.285163
-0.242650
-0.202314
-0.165283
-0.132308
-0.103776
-0.079755
-0.060056
-0.044309
-0.032030
-0.022685
-0.015741
-0.010701
-0.007126
-0.004649
-0.002971
-0.001860
-0.001140
-0.000685
-0.000403
-0.000232
-0.000131
-0.000072
-0.000039
-0.000020
-0.000010
-0.000004
0.000000
0.000000
