0.000000
0.000000
0.000002
0.000005
0.000010
0.000019
0.000036
0.000066
0.000120
0.000213
0.000370
0.000630
0.001051
0.001718
0.002751
0.004318
0.006639
0.010002
0.014765
0.021353
0.030258
0.042009
0.057147
0.076167
0.099468
0.127273
0.159561
0.196001
0.235900
0.278189
0.321434
0.363905
0.403674
0.438757
0.467280
0.487644
0.498685
0.499791
0.490972
0.472877
0.446744
0.414305
0.377644
0.339043
0.300823
0.265197
0.234151
0.209352
0.192090
0.183238
0.183238
0.192090
0.209352
0.234151
0.265197
0.300823
0.339043
0.377644
0.414305
0.446744
0.472877
0.490972
0.499791
0.498685
0.487644
0.467280
0.438757
0.403674
0.363905
0.321434
0.278189
0.235900
0.196001
0.159561
0.127273
0.099468
0.076167
0.057147
0.042009
0.030258
0.021353
0.014765
0.010002
0.006639
0.004318
0.002751
0.001718
0.001051
0.000630
0.000370
0.000213
0.000120
0.000066
0.000036
0.000019
0.000010
0.000005
0.000002
0.000000
0.000000
