0.000000
0.000000
0.050737
0.105126
0.159669
0.213768
0.266740
0.317580
0.364984
0.407438
0.443355
0.471235
0.489838
0.498330
0.496394
0.484285
0.462824
0.433330
0.397502
0.357271
0.314636
0.271504
0.229568
0.190200
0.154412
0.122833
0.095744
0.073125
0.054723
0.040125
0.028826
0.020290
0.013991
0.009452
0.006255
0.004055
0.002574
0.001601
0.000975
0.000581
0.000339
0.000194
0.000109
0.000059
0.000032
0.000017
0.000009
0.000004
0.000002
0.000001
0.000001
0.000002
0.000004
0.000009
0.000017
0.000032
0.000059
0.000109
0.000194
0.000339
0.000581
0.000975
0.001601
0.002574
0.004055
0.006255
0.009452
0.013991
0.020290
0.028826
0.040125
0.054723
0.073125
0.095744
0.122833
0.154412
0.190200
0.229568
0.271504
0.314636
0.357271
0.397502
0.433330
0.462824
0.484285
0.496394
0.498330
0.489838
0.471235
0.443355
0.407438
0.364984
0.317580
0.266740
0.213768
0.159669
0.105126
0.050737
0.000000
0.000000
