0.000000
0.000000
-0.000675
-0.001539
-0.002714
-0.004393
-0.006822
-0.010303
-0.015206
-0.021965
-0.031076
-0.043071
-0.058487
-0.077813
-0.101434
-0.129558
-0.162143
-0.198832
-0.238908
-0.281278
-0.324488
-0.366792
-0.406253
-0.440886
-0.468821
-0.488466
-0.498661
-0.498789
-0.488837
-0.469400
-0.441622
-0.407083
-0.367653
-0.325321
-0.282036
-0.239560
-0.199361
-0.162549
-0.129853
-0.101637
-0.077948
-0.058579
-0.043149
-0.031168
-0.022108
-0.015449
-0.010722
-0.007533
-0.005578
-0.004653
-0.004653
-0.005578
-0.007533
-0.010722
-0.015449
-0.022108
-0.031168
-0.043149
-0.058579
-0.077948
-0.101637
-0.129853
-0.162549
-0.199361
-0.239560
-0.282036
-0.325321
-0.367653
-0.407083
-0.441622
-0.469400
-0.488837
-0.498789
-0.498661
-0.488466
-0.468821
-0.440886
-0.406253
-0.366792
-0.324488
-0.281278
-0.238908
-0.198832
-0.162143
-0.129558
-0.101434
-0.077813
-0.058487
-0.043071
-0.031076
-0.021965
-0.015206
-0.010303
-0.006822
-0.004393
-0.002714
-0.001539
-0.000675
0.000000
0.000000
