0.000000
0.000000
0.079921
0.162236
0.238280
0.304724
0.359191
0.400064
0.426539
0.438637
0.437156
0.423560
0.399828
0.368270
0.331333
0.291411
0.250692
0.211034
0.173893
0.140292
0.110836
0.085761
0.064998
0.048256
0.035097
0.025008
0.017459
0.011942
0.008003
0.005255
0.003382
0.002132
0.001317
0.000798
0.000473
0.000275
0.000157
0.000088
0.000048
0.000026
0.000014
0.000007
0.000004
0.000002
0.000001
0.000000
0.000000
0.000000
0.000000
0.000000
0.000000
0.000000
0.000000
0.000000
0.000000
0.000001
0.000002
0.000004
0.000007
0.000014
0.000026
0.000048
0.000088
0.000157
0.000275
0.000473
0.000798
0.001317
0.002132
0.003382
0.005255
0.008003
0.011942
0.017459
0.025008
0.035097
0.048256
0.064998
0.085761
0.110836
0.140292
0.173893
0.211034
0.250692
0.291411
0.331333
0.368270
0.399828
0.423560
0.437156
0.438637
0.426539
0.400064
0.359191
0.304724
0.238280
0.162236
0.079921
0.000000
0.000000
