0.000000
0.000000
0.055236
0.111328
0.161580
0.203245
0.234571
0.254695
0.263627
0.262167
0.251745
0.234216
0.211637
0.186061
0.159362
0.133115
0.108524
0.086410
0.067229
0.051131
0.038027
0.027662
0.019687
0.013709
0.009343
0.006231
0.004068
0.002600
0.001626
0.000996
0.000597
0.000350
0.000201
0.000113
0.000062
0.000033
0.000018
0.000009
0.000005
0.000002
0.000001
0.000001
0.000000
0.000000
0.000000
0.000000
0.000000
0.000000
0.000000
0.000000
0.000000
0.000000
0.000000
0.000000
0.000000
0.000000
0.000000
0.000000
0.000001
0.000001
0.000002
0.000005
0.000009
0.000018
0.000033
0.000062
0.000113
0.000201
0.000350
0.000597
0.000996
0.001626
0.002600
0.004068
0.006231
0.009343
0.013709
0.019687
0.027662
0.038027
0.051131
0.067229
0.086410
0.108524
0.133115
0.159362
0.186061
0.211637
0.234216
0.251745
0.262167
0.263627
0.254695
0.234571
0.203245
0.161580
0.111328
0.055236
0.000000
0.000000
