0.000000
0.000000
0.000000
0.000000
0.000000
0.000000
0.000000
0.000001
0.000001
0.000003
0.000005
0.000010
0.000020
0.000037
0.000069
0.000125
0.000221
0.000384
0.000654
0.001089
0.001778
0.002844
0.004458
0.006848
0.010306
0.015198
0.021964
0.031107
0.043175
0.058733
0.078313
0.102364
0.131182
0.164851
0.203185
0.245694
0.291572
0.339727
0.388841
0.437467
0.484150
0.527557
0.566590
0.600474
0.628802
0.651521
0.668867
0.681260
0.689177
0.693020
0.693020
0.689177
0.681260
0.668867
0.651521
0.628802
0.600474
0.566590
0.527557
0.484150
0.437467
0.388841
0.339727
0.291572
0.245694
0.203185
0.164851
0.131182
0.102364
0.078313
0.058733
0.043175
0.031107
0.021964
0.015198
0.010306
0.006848
0.004458
0.002844
0.001778
0.001089
0.000654
0.000384
0.000221
0.000125
0.000069
0.000037
0.000020
0.000010
0.000005
0.000003
0.000001
0.000001
0.000000
0.000000
0.000000
0.000000
0.000000
0.000000
0.000000
