0.000000
0.000000
-0.052933
-0.106663
-0.154750
-0.194547
-0.224375
-0.243414
-0.251692
-0.250003
-0.239743
-0.222716
-0.200914
-0.176316
-0.150722
-0.125635
-0.102199
-0.081183
-0.063008
-0.047799
-0.035455
-0.025722
-0.018256
-0.012679
-0.008617
-0.005732
-0.003733
-0.002380
-0.001485
-0.000908
-0.000543
-0.000318
-0.000183
-0.000103
-0.000056
-0.000030
-0.000016
-0.000008
-0.000004
-0.000002
-0.000001
-0.000000
-0.000000
-0.000000
-0.000000
-0.000000
-0.000000
-0.000000
-0.000000
-0.000000
-0.000000
-0.000000
-0.000000
-0.000000
-0.000000
-0.000000
-0.000000
-0.000000
-0.000000
-0.000001
-0.000002
-0.000004
-0.000008
-0.000016
-0.000030
-0.000056
-0.000103
-0.000183
-0.000318
-0.000543
-0.000908
-0.001485
-0.002380
-0.003733
-0.005732
-0.008617
-0.012679
-0.018256
-0.025722
-0.035455
-0.047799
-0.063008
-0.081183
-0.102199
-0.125635
-0.150722
-0.176316
-0.200914
-0.222716
-0.239743
-0.250003
-0.251692
-0.243414
-0.224375
-0.194547
-0.154750
-0.106663
-0.052933
0.000000
0.000000
