0.000000
0.000000
-0.001361
-0.003060
-0.005281
-0.008329
-0.012568
-0.018421
-0.026371
-0.036944
-0.050689
-0.068132
-0.089719
-0.115753
-0.146321
-0.181218
-0.219896
-0.261430
-0.304520
-0.347534
-0.388601
-0.425732
-0.456979
-0.480602
-0.495231
-0.499995
-0.494608
-0.479399
-0.455277
-0.423643
-0.386254
-0.345061
-0.302044
-0.259058
-0.217709
-0.179271
-0.144643
-0.114350
-0.088579
-0.067231
-0.050000
-0.036437
-0.026022
-0.018219
-0.012518
-0.008463
-0.005671
-0.003838
-0.002738
-0.002225
-0.002225
-0.002738
-0.003838
-0.005671
-0.008463
-0.012518
-0.018219
-0.026022
-0.036437
-0.050000
-0.067231
-0.088579
-0.114350
-0.144643
-0.179271
-0.217709
-0.259058
-0.302044
-0.345061
-0.386254
-0.423643
-0.455277
-0.479399
-0.494608
-0.499995
-0.495231
-0.480602
-0.456979
-0.425732
-0.388601
-0.347534
-0.304520
-0.261430
-0.219896
-0.181218
-0.146321
-0.115753
-0.089719
-0.068132
-0.050689
-0.036944
-0.026371
-0.018421
-0.012568
-0.008329
-0.005281
-0.003060
-0.001361
0.000000
0.000000
