0.000000
0.000000
0.040730
0.082004
0.118809
0.149073
0.171500
0.185485
0.191103
0.189035
0.180431
0.166746
0.149563
0.130435
0.110751
0.091650
0.073979
0.058284
0.044842
0.033706
0.024760
0.017781
0.012486
0.008574
0.005759
0.003784
0.002433
0.001530
0.000942
0.000567
0.000334
0.000192
0.000108
0.000060
0.000032
0.000017
0.000009
0.000004
0.000002
0.000001
0.000000
0.000000
0.000000
0.000000
0.000000
0.000000
0.000000
0.000000
0.000000
0.000000
0.000000
0.000000
0.000000
0.000000
0.000000
0.000000
0.000000
0.000000
0.000000
0.000000
0.000001
0.000002
0.000004
0.000009
0.000017
0.000032
0.000060
0.000108
0.000192
0.000334
0.000567
0.000942
0.001530
0.002433
0.003784
0.005759
0.008574
0.012486
0.017781
0.024760
0.033706
0.044842
0.058284
0.073979
0.091650
0.110751
0.130435
0.149563
0.166746
0.180431
0.189035
0.191103
0.185485
0.171500
0.149073
0.118809
0.082004
0.040730
0.000000
0.000000
