0.000000
0.000000
-0.046622
-0.093891
-0.136090
-0.170860
-0.196716
-0.212957
-0.219651
-0.217550
-0.207945
-0.192478
-0.172947
-0.151117
-0.128580
-0.106647
-0.086297
-0.068172
-0.052605
-0.039669
-0.029245
-0.021084
-0.014870
-0.010262
-0.006931
-0.004583
-0.002967
-0.001881
-0.001168
-0.000711
-0.000424
-0.000247
-0.000142
-0.000080
-0.000044
-0.000024
-0.000012
-0.000006
-0.000003
-0.000002
-0.000001
-0.000000
-0.000000
-0.000000
-0.000000
-0.000000
-0.000000
-0.000000
-0.000000
-0.000000
-0.000000
-0.000000
-0.000000
-0.000000
-0.000000
-0.000000
-0.000000
-0.000000
-0.000000
-0.000001
-0.000002
-0.000003
-0.000006
-0.000012
-0.000024
-0.000044
-0.000080
-0.000142
-0.000247
-0.000424
-0.000711
-0.001168
-0.001881
-0.002967
-0.004583
-0.006931
-0.010262
-0.014870
-0.021084
-0.029245
-0.039669
-0.052605
-0.068172
-0.086297
-0.106647
-0.128580
-0.151117
-0.172947
-0.192478
-0.207945
-0.217550
-0.219651
-0.212957
-0.196716
-0.170860
-0.136090
-0.093891
-0.046622
0.000000
0.000000
