0.000000
0.000000
-0.070789
-0.145030
-0.216272
-0.282430
-0.341776
-0.392706
-0.433807
-0.463970
-0.482485
-0.489133
-0.484234
-0.468648
-0.443729
-0.411222
-0.373132
-0.331565
-0.288574
-0.246021
-0.205465
-0.168105
-0.134745
-0.105815
-0.081413
-0.061372
-0.045330
-0.032805
-0.023263
-0.016165
-0.011007
-0.007345
-0.004804
-0.003079
-0.001934
-0.001191
-0.000719
-0.000426
-0.000247
-0.000141
-0.000078
-0.000043
-0.000023
-0.000012
-0.000006
-0.000003
-0.000002
-0.000001
-0.000000
-0.000000
-0.000000
-0.000000
-0.000001
-0.000002
-0.000003
-0.000006
-0.000012
-0.000023
-0.000043
-0.000078
-0.000141
-0.000247
-0.000426
-0.000719
-0.001191
-0.001934
-0.003079
-0.004804
-0.007345
-0.011007
-0.016165
-0.023263
-0.032805
-0.045330
-0.061372
-0.081413
-0.105815
-0.134745
-0.168105
-0.205465
-0.246021
-0.288574
-0.331565
-0.373132
-0.411222
-0.443729
-0.468648
-0.484234
-0.489133
-0.482485
-0.463970
-0.433807
-0.392706
-0.341776
-0.282430
-0.216272
-0.145030
-0.070789
0.000000
0.000000
