0.000000
0.000000
0.000799
0.001816
0.003183
0.005119
0.007893
0.011835
0.017343
0.024881
0.034964
0.048137
0.064932
0.085814
0.111117
0.140966
0.175209
0.213355
0.254538
0.297513
0.340693
0.382232
0.420147
0.452470
0.477418
0.493551
0.499916
0.496134
0.482440
0.459661
0.429128
0.392550
0.351858
0.309034
0.265960
0.224284
0.185333
0.150065
0.119063
0.092564
0.070515
0.052640
0.038514
0.027629
0.019457
0.013492
0.009284
0.006461
0.004738
0.003924
0.003924
0.004738
0.006461
0.009284
0.013492
0.019457
0.027629
0.038514
0.052640
0.070515
0.092564
0.119063
0.150065
0.185333
0.224284
0.265960
0.309034
0.351858
0.392550
0.429128
0.459661
0.482440
0.496134
0.499916
0.493551
0.477418
0.452470
0.420147
0.382232
0.340693
0.297513
0.254538
0.213355
0.175209
0.140966
0.111117
0.085814
0.064932
0.048137
0.034964
0.024881
0.017343
0.011835
0.007893
0.005119
0.003183
0.001816
0.000799
0.000000
0.000000
