0.000000
0.000000
-0.019474
-0.041344
-0.065295
-0.092063
-0.122236
-0.156091
-0.193535
-0.234057
-0.276724
-0.320204
-0.362834
-0.402732
-0.437937
-0.466579
-0.487046
-0.498138
-0.499190
-0.490135
-0.471516
-0.444432
-0.410429
-0.371358
-0.329204
-0.285927
-0.243311
-0.202853
-0.165699
-0.132610
-0.103981
-0.079884
-0.060131
-0.044349
-0.032049
-0.022694
-0.015747
-0.010707
-0.007135
-0.004659
-0.002982
-0.001871
-0.001150
-0.000693
-0.000410
-0.000238
-0.000136
-0.000078
-0.000047
-0.000034
-0.000034
-0.000047
-0.000078
-0.000136
-0.000238
-0.000410
-0.000693
-0.001150
-0.001871
-0.002982
-0.004659
-0.007135
-0.010707
-0.015747
-0.022694
-0.032049
-0.044349
-0.060131
-0.079884
-0.103981
-0.132610
-0.165699
-0.202853
-0.243311
-0.285927
-0.329204
-0.371358
-0.410429
-0.444432
-0.471516
-0.490135
-0.499190
-0.498138
-0.487046
-0.466579
-0.437937
-0.402732
-0.362834
-0.320204
-0.276724
-0.234057
-0.193535
-0.156091
-0.122236
-0.092063
-0.065295
-0.041344
-0.019474
0.000000
0.000000
