0.000000
0.000000
0.000000
0.000000
0.000000
0.000000
0.000000
0.000000
0.000000
0.000000
0.000001
0.000001
0.000002
0.000004
0.000008
0.000016
0.000031
0.000057
0.000103
0.000184
0.000322
0.000553
0.000931
0.001539
0.002495
0.003969
0.006192
0.009476
0.014225
0.020946
0.030253
0.042862
0.059574
0.081231
0.108671
0.142648
0.183747
0.232286
0.288217
0.351046
0.419763
0.492827
0.568179
0.643320
0.715428
0.781528
0.838686
0.884224
0.915919
0.932181
0.932181
0.915919
0.884224
0.838686
0.781528
0.715428
0.643320
0.568179
0.492827
0.419763
0.351046
0.288217
0.232286
0.183747
0.142648
0.108671
0.081231
0.059574
0.042862
0.030253
0.020946
0.014225
0.009476
0.006192
0.003969
0.002495
0.001539
0.000931
0.000553
0.000322
0.000184
0.000103
0.000057
0.000031
0.000016
0.000008
0.000004
0.000002
0.000001
0.000001
0.000000
0.000000
0.000000
0.000000
0.000000
0.000000
0.000000
0.000000
0.000000
0.000000
