0.000000
0.000000
-0.000027
-0.000065
-0.000125
-0.000226
-0.000395
-0.000674
-0.001123
-0.001833
-0.002930
-0.004588
-0.007038
-0.010574
-0.015565
-0.022445
-0.031711
-0.043894
-0.059530
-0.079104
-0.102991
-0.131387
-0.164232
-0.201150
-0.241400
-0.283866
-0.327075
-0.369265
-0.408492
-0.442774
-0.470252
-0.489357
-0.498960
-0.498477
-0.487936
-0.467970
-0.439754
-0.404898
-0.365293
-0.322946
-0.279823
-0.237710
-0.198113
-0.162206
-0.130814
-0.104448
-0.083359
-0.067615
-0.057182
-0.051989
-0.051989
-0.057182
-0.067615
-0.083359
-0.104448
-0.130814
-0.162206
-0.198113
-0.237710
-0.279823
-0.322946
-0.365293
-0.404898
-0.439754
-0.467970
-0.487936
-0.498477
-0.498960
-0.489357
-0.470252
-0.442774
-0.408492
-0.369265
-0.327075
-0.283866
-0.241400
-0.201150
-0.164232
-0.131387
-0.102991
-0.079104
-0.059530
-0.043894
-0.031711
-0.022445
-0.015565
-0.010574
-0.007038
-0.004588
-0.002930
-0.001833
-0.001123
-0.000674
-0.000395
-0.000226
-0.000125
-0.000065
-0.000027
0.000000
0.000000
