0.000000
0.000000
-0.067896
-0.139339
-0.208360
-0.273130
-0.332078
-0.383666
-0.426452
-0.459198
-0.480992
-0.491355
-0.490315
-0.478447
-0.456843
-0.427042
-0.390905
-0.350475
-0.307810
-0.264843
-0.223253
-0.184385
-0.149206
-0.118300
-0.091901
-0.069952
-0.052170
-0.038123
-0.027295
-0.019147
-0.013160
-0.008862
-0.005847
-0.003779
-0.002393
-0.001484
-0.000902
-0.000537
-0.000313
-0.000179
-0.000100
-0.000055
-0.000029
-0.000015
-0.000008
-0.000004
-0.000002
-0.000001
-0.000000
-0.000000
-0.000000
-0.000000
-0.000001
-0.000002
-0.000004
-0.000008
-0.000015
-0.000029
-0.000055
-0.000100
-0.000179
-0.000313
-0.000537
-0.000902
-0.001484
-0.002393
-0.003779
-0.005847
-0.008862
-0.013160
-0.019147
-0.027295
-0.038123
-0.052170
-0.069952
-0.091901
-0.118300
-0.149206
-0.184385
-0.223253
-0.264843
-0.307810
-0.350475
-0.390905
-0.427042
-0.456843
-0.478447
-0.490315
-0.491355
-0.480992
-0.459198
-0.426452
-0.383666
-0.332078
-0.273130
-0.208360
-0.139339
-0.067896
0.000000
0.000000
