0.000000
0.000000
-0.000000
-0.000000
-0.000001
-0.000001
-0.000003
-0.000006
-0.000011
-0.000021
-0.000040
-0.000074
-0.000135
-0.000239
-0.000414
-0.000703
-0.001169
-0.001905
-0.003040
-0.004752
-0.007276
-0.010915
-0.016039
-0.023092
-0.032571
-0.045014
-0.060952
-0.080868
-0.105128
-0.133917
-0.167160
-0.204468
-0.245097
-0.287936
-0.331543
-0.374220
-0.414132
-0.449463
-0.478591
-0.500259
-0.513732
-0.518898
-0.516320
-0.507208
-0.493315
-0.476776
-0.459893
-0.444897
-0.433710
-0.427744
-0.427744
-0.433710
-0.444897
-0.459893
-0.476776
-0.493315
-0.507208
-0.516320
-0.518898
-0.513732
-0.500259
-0.478591
-0.449463
-0.414132
-0.374220
-0.331543
-0.287936
-0.245097
-0.204468
-0.167160
-0.133917
-0.105128
-0.080868
-0.060952
-0.045014
-0.032571
-0.023092
-0.016039
-0.010915
-0.007276
-0.004752
-0.003040
-0.001905
-0.001169
-0.000703
-0.000414
-0.000239
-0.000135
-0.000074
-0.000040
-0.000021
-0.000011
-0.000006
-0.000003
-0.000001
-0.000001
-0.000000
-0.000000
0.000000
0.000000
