0.000000
0.000000
-0.000117
-0.000275
-0.000509
-0.000875
-0.001449
-0.002340
-0.003700
-0.005729
-0.008691
-0.012920
-0.018820
-0.026862
-0.037567
-0.051476
-0.069112
-0.090913
-0.117174
-0.147965
-0.183068
-0.221915
-0.263562
-0.306690
-0.349654
-0.390573
-0.427454
-0.458358
-0.481560
-0.495710
-0.499966
-0.494074
-0.478391
-0.453857
-0.421892
-0.384267
-0.342940
-0.299890
-0.256964
-0.215757
-0.177533
-0.143184
-0.113237
-0.087894
-0.067093
-0.050588
-0.038028
-0.029030
-0.023250
-0.020429
-0.020429
-0.023250
-0.029030
-0.038028
-0.050588
-0.067093
-0.087894
-0.113237
-0.143184
-0.177533
-0.215757
-0.256964
-0.299890
-0.342940
-0.384267
-0.421892
-0.453857
-0.478391
-0.494074
-0.499966
-0.495710
-0.481560
-0.458358
-0.427454
-0.390573
-0.349654
-0.306690
-0.263562
-0.221915
-0.183068
-0.147965
-0.117174
-0.090913
-0.069112
-0.051476
-0.037567
-0.026862
-0.018820
-0.012920
-0.008691
-0.005729
-0.003700
-0.002340
-0.001449
-0.000875
-0.000509
-0.000275
-0.000117
0.000000
0.000000
