0.000000
0.000000
0.075474
0.154161
0.228746
0.296687
0.355981
0.404946
0.442286
0.467186
0.479377
0.479167
0.467435
0.445569
0.415368
0.378898
0.338341
0.295833
0.253328
0.212482
0.174582
0.140524
0.110813
0.085612
0.064804
0.048061
0.034923
0.024865
0.017346
0.011857
0.007942
0.005212
0.003352
0.002113
0.001305
0.000790
0.000468
0.000272
0.000155
0.000087
0.000047
0.000025
0.000013
0.000007
0.000003
0.000002
0.000001
0.000000
0.000000
0.000000
0.000000
0.000000
0.000000
0.000001
0.000002
0.000003
0.000007
0.000013
0.000025
0.000047
0.000087
0.000155
0.000272
0.000468
0.000790
0.001305
0.002113
0.003352
0.005212
0.007942
0.011857
0.017346
0.024865
0.034923
0.048061
0.064804
0.085612
0.110813
0.140524
0.174582
0.212482
0.253328
0.295833
0.338341
0.378898
0.415368
0.445569
0.467435
0.479167
0.479377
0.467186
0.442286
0.404946
0.355981
0.296687
0.228746
0.154161
0.075474
0.000000
0.000000
