0.000000
0.000000
0.077900
0.158809
0.234891
0.303325
0.361955
0.409082
0.443532
0.464725
0.472712
0.468165
0.452324
0.426899
0.393935
0.355652
0.314285
0.271930
0.230422
0.191246
0.155493
0.123854
0.096652
0.073897
0.055356
0.040627
0.029214
0.020581
0.014204
0.009604
0.006361
0.004127
0.002623
0.001632
0.000995
0.000594
0.000347
0.000199
0.000111
0.000061
0.000033
0.000017
0.000009
0.000004
0.000002
0.000001
0.000000
0.000000
0.000000
0.000000
0.000000
0.000000
0.000000
0.000000
0.000001
0.000002
0.000004
0.000009
0.000017
0.000033
0.000061
0.000111
0.000199
0.000347
0.000594
0.000995
0.001632
0.002623
0.004127
0.006361
0.009604
0.014204
0.020581
0.029214
0.040627
0.055356
0.073897
0.096652
0.123854
0.155493
0.191246
0.230422
0.271930
0.314285
0.355652
0.393935
0.426899
0.452324
0.468165
0.472712
0.464725
0.443532
0.409082
0.361955
0.303325
0.234891
0.158809
0.077900
0.000000
0.000000
