0.000000
0.000000
-0.003135
-0.006929
-0.011650
-0.017791
-0.025896
-0.036535
-0.050285
-0.067691
-0.089216
-0.115174
-0.145659
-0.180477
-0.219089
-0.260578
-0.303651
-0.346685
-0.387810
-0.425039
-0.456422
-0.480213
-0.495033
-0.499999
-0.494814
-0.479795
-0.455840
-0.424341
-0.387048
-0.345911
-0.302911
-0.259907
-0.218512
-0.180005
-0.145294
-0.114911
-0.089048
-0.067614
-0.050303
-0.036668
-0.026190
-0.018328
-0.012568
-0.008447
-0.005568
-0.003608
-0.002312
-0.001492
-0.001015
-0.000796
-0.000796
-0.001015
-0.001492
-0.002312
-0.003608
-0.005568
-0.008447
-0.012568
-0.018328
-0.026190
-0.036668
-0.050303
-0.067614
-0.089048
-0.114911
-0.145294
-0.180005
-0.218512
-0.259907
-0.302911
-0.345911
-0.387048
-0.424341
-0.455840
-0.479795
-0.494814
-0.499999
-0.495033
-0.480213
-0.456422
-0.425039
-0.387810
-0.346685
-0.303651
-0.260578
-0.219089
-0.180477
-0.145659
-0.115174
-0.089216
-0.067691
-0.050285
-0.036535
-0.025896
-0.017791
-0.011650
-0.006929
-0.003135
0.000000
0.000000
