0.000000
0.000000
-0.000199
-0.000464
-0.000847
-0.001429
-0.002323
-0.003680
-0.005703
-0.008655
-0.012870
-0.018752
-0.026769
-0.037445
-0.051320
-0.068916
-0.090674
-0.116889
-0.147636
-0.182697
-0.221511
-0.263135
-0.306256
-0.349231
-0.390179
-0.427111
-0.458084
-0.481370
-0.495616
-0.499974
-0.494182
-0.478594
-0.454142
-0.422243
-0.384663
-0.343361
-0.300313
-0.257368
-0.216122
-0.177835
-0.143396
-0.113323
-0.087803
-0.066749
-0.049876
-0.036779
-0.027008
-0.020125
-0.015760
-0.013648
-0.013648
-0.015760
-0.020125
-0.027008
-0.036779
-0.049876
-0.066749
-0.087803
-0.113323
-0.143396
-0.177835
-0.216122
-0.257368
-0.300313
-0.343361
-0.384663
-0.422243
-0.454142
-0.478594
-0.494182
-0.499974
-0.495616
-0.481370
-0.458084
-0.427111
-0.390179
-0.349231
-0.306256
-0.263135
-0.221511
-0.182697
-0.147636
-0.116889
-0.090674
-0.068916
-0.051320
-0.037445
-0.026769
-0.018752
-0.012870
-0.008655
-0.005703
-0.003680
-0.002323
-0.001429
-0.000847
-0.000464
-0.000199
0.000000
0.000000
