0.000000
0.000000
0.002347
0.005219
0.008854
0.013677
0.020162
0.028831
0.040238
0.054937
0.073445
0.096182
0.123401
0.155118
0.191048
0.230546
0.272592
0.315798
0.358464
0.398678
0.434450
0.463870
0.485280
0.497425
0.499575
0.491600
0.473979
0.447758
0.414442
0.375854
0.333972
0.290760
0.248025
0.207295
0.169754
0.136203
0.107075
0.082477
0.062246
0.046030
0.033352
0.023679
0.016475
0.011237
0.007520
0.004949
0.003225
0.002119
0.001468
0.001168
0.001168
0.001468
0.002119
0.003225
0.004949
0.007520
0.011237
0.016475
0.023679
0.033352
0.046030
0.062246
0.082477
0.107075
0.136203
0.169754
0.207295
0.248025
0.290760
0.333972
0.375854
0.414442
0.447758
0.473979
0.491600
0.499575
0.497425
0.485280
0.463870
0.434450
0.398678
0.358464
0.315798
0.272592
0.230546
0.191048
0.155118
0.123401
0.096182
0.073445
0.054937
0.040238
0.028831
0.020162
0.013677
0.008854
0.005219
0.002347
0.000000
0.000000
