0.000000
0.000000
-0.025252
-0.053279
-0.083320
-0.115975
-0.151657
-0.190407
-0.231843
-0.275138
-0.319047
-0.361974
-0.402086
-0.437458
-0.466240
-0.486835
-0.498049
-0.499215
-0.490267
-0.471743
-0.444739
-0.410798
-0.371767
-0.329635
-0.286360
-0.243728
-0.203243
-0.166051
-0.132919
-0.104245
-0.080103
-0.060308
-0.044488
-0.032157
-0.022775
-0.015806
-0.010750
-0.007164
-0.004679
-0.002996
-0.001880
-0.001156
-0.000697
-0.000412
-0.000239
-0.000136
-0.000076
-0.000043
-0.000025
-0.000018
-0.000018
-0.000025
-0.000043
-0.000076
-0.000136
-0.000239
-0.000412
-0.000697
-0.001156
-0.001880
-0.002996
-0.004679
-0.007164
-0.010750
-0.015806
-0.022775
-0.032157
-0.044488
-0.060308
-0.080103
-0.104245
-0.132919
-0.166051
-0.203243
-0.243728
-0.286360
-0.329635
-0.371767
-0.410798
-0.444739
-0.471743
-0.490267
-0.499215
-0.498049
-0.486835
-0.466240
-0.437458
-0.402086
-0.361974
-0.319047
-0.275138
-0.231843
-0.190407
-0.151657
-0.115975
-0.083320
-0.053279
-0.025252
0.000000
0.000000
