0.000000
0.000000
0.073234
0.149815
0.222858
0.290054
0.349534
0.399650
0.439040
0.466732
0.482227
0.485564
0.477335
0.458663
0.431125
0.396628
0.357267
0.315166
0.272333
0.230527
0.191180
0.155339
0.123667
0.096464
0.073726
0.055209
0.040508
0.029120
0.020509
0.014152
0.009566
0.006335
0.004109
0.002611
0.001624
0.000990
0.000591
0.000345
0.000197
0.000111
0.000061
0.000032
0.000017
0.000009
0.000004
0.000002
0.000001
0.000000
0.000000
0.000000
0.000000
0.000000
0.000000
0.000001
0.000002
0.000004
0.000009
0.000017
0.000032
0.000061
0.000111
0.000197
0.000345
0.000591
0.000990
0.001624
0.002611
0.004109
0.006335
0.009566
0.014152
0.020509
0.029120
0.040508
0.055209
0.073726
0.096464
0.123667
0.155339
0.191180
0.230527
0.272333
0.315166
0.357267
0.396628
0.431125
0.458663
0.477335
0.485564
0.482227
0.466732
0.439040
0.399650
0.349534
0.290054
0.222858
0.149815
0.073234
0.000000
0.000000
