0.000000
0.000000
-0.000868
-0.001970
-0.003446
-0.005526
-0.008493
-0.012691
-0.018530
-0.026485
-0.037077
-0.050851
-0.068329
-0.089958
-0.116037
-0.146649
-0.181587
-0.220300
-0.261856
-0.304954
-0.347959
-0.388996
-0.426078
-0.457256
-0.480796
-0.495329
-0.499991
-0.494503
-0.479199
-0.454994
-0.423294
-0.385857
-0.344636
-0.301610
-0.258634
-0.217309
-0.178905
-0.144319
-0.114072
-0.088347
-0.067045
-0.049858
-0.036338
-0.025968
-0.018217
-0.012583
-0.008625
-0.005978
-0.004368
-0.003608
-0.003608
-0.004368
-0.005978
-0.008625
-0.012583
-0.018217
-0.025968
-0.036338
-0.049858
-0.067045
-0.088347
-0.114072
-0.144319
-0.178905
-0.217309
-0.258634
-0.301610
-0.344636
-0.385857
-0.423294
-0.454994
-0.479199
-0.494503
-0.499991
-0.495329
-0.480796
-0.457256
-0.426078
-0.388996
-0.347959
-0.304954
-0.261856
-0.220300
-0.181587
-0.146649
-0.116037
-0.089958
-0.068329
-0.050851
-0.037077
-0.026485
-0.018530
-0.012691
-0.008493
-0.005526
-0.003446
-0.001970
-0.000868
0.000000
0.000000
