0.000000
0.000000
-0.000000
-0.000000
-0.000000
-0.000000
-0.000000
-0.000000
-0.000000
-0.000000
-0.000000
-0.000000
-0.000001
-0.000001
-0.000003
-0.000006
-0.000012
-0.000024
-0.000045
-0.000084
-0.000154
-0.000276
-0.000485
-0.000835
-0.001411
-0.002336
-0.003790
-0.006027
-0.009394
-0.014350
-0.021482
-0.031518
-0.045319
-0.063859
-0.088187
-0.119347
-0.158289
-0.205741
-0.262072
-0.327156
-0.400242
-0.479874
-0.563857
-0.649309
-0.732782
-0.810478
-0.878523
-0.933277
-0.971661
-0.991441
-0.991441
-0.971661
-0.933277
-0.878523
-0.810478
-0.732782
-0.649309
-0.563857
-0.479874
-0.400242
-0.327156
-0.262072
-0.205741
-0.158289
-0.119347
-0.088187
-0.063859
-0.045319
-0.031518
-0.021482
-0.014350
-0.009394
-0.006027
-0.003790
-0.002336
-0.001411
-0.000835
-0.000485
-0.000276
-0.000154
-0.000084
-0.000045
-0.000024
-0.000012
-0.000006
-0.000003
-0.000001
-0.000001
-0.000000
-0.000000
-0.000000
-0.000000
-0.000000
-0.000000
-0.000000
-0.000000
-0.000000
-0.000000
0.000000
0.000000
