0.000000
0.000000
-0.064949
-0.131062
-0.190602
-0.240420
-0.278472
-0.303681
-0.315939
-0.316027
-0.305453
-0.286240
-0.260685
-0.231132
-0.199767
-0.168478
-0.138756
-0.111665
-0.087851
-0.067595
-0.050880
-0.037477
-0.027018
-0.019067
-0.013174
-0.008913
-0.005904
-0.003830
-0.002434
-0.001514
-0.000923
-0.000551
-0.000322
-0.000184
-0.000103
-0.000057
-0.000031
-0.000016
-0.000008
-0.000004
-0.000002
-0.000001
-0.000000
-0.000000
-0.000000
-0.000000
-0.000000
-0.000000
-0.000000
-0.000000
-0.000000
-0.000000
-0.000000
-0.000000
-0.000000
-0.000000
-0.000000
-0.000000
-0.000001
-0.000002
-0.000004
-0.000008
-0.000016
-0.000031
-0.000057
-0.000103
-0.000184
-0.000322
-0.000551
-0.000923
-0.001514
-0.002434
-0.003830
-0.005904
-0.008913
-0.013174
-0.019067
-0.027018
-0.037477
-0.050880
-0.067595
-0.087851
-0.111665
-0.138756
-0.168478
-0.199767
-0.231132
-0.260685
-0.286240
-0.305453
-0.316027
-0.315939
-0.303681
-0.278472
-0.240420
-0.190602
-0.131062
-0.064949
0.000000
0.000000
