0.000000
0.000000
-0.009297
-0.020075
-0.032561
-0.047519
-0.065673
-0.087628
-0.113802
-0.144370
-0.179196
-0.217782
-0.259246
-0.302319
-0.345394
-0.386612
-0.423991
-0.455578
-0.479621
-0.494727
-0.499998
-0.495117
-0.480384
-0.456679
-0.425382
-0.388235
-0.347184
-0.304211
-0.261182
-0.219717
-0.181108
-0.146273
-0.115756
-0.089758
-0.068194
-0.050765
-0.037028
-0.026462
-0.018529
-0.012711
-0.008544
-0.005626
-0.003630
-0.002295
-0.001422
-0.000865
-0.000519
-0.000312
-0.000197
-0.000147
-0.000147
-0.000197
-0.000312
-0.000519
-0.000865
-0.001422
-0.002295
-0.003630
-0.005626
-0.008544
-0.012711
-0.018529
-0.026462
-0.037028
-0.050765
-0.068194
-0.089758
-0.115756
-0.146273
-0.181108
-0.219717
-0.261182
-0.304211
-0.347184
-0.388235
-0.425382
-0.456679
-0.480384
-0.495117
-0.499998
-0.494727
-0.479621
-0.455578
-0.423991
-0.386612
-0.345394
-0.302319
-0.259246
-0.217782
-0.179196
-0.144370
-0.113802
-0.087628
-0.065673
-0.047519
-0.032561
-0.020075
-0.009297
0.000000
0.000000
