0.000000
0.000000
0.000001
0.000002
0.000005
0.000010
0.000019
0.000036
0.000067
0.000121
0.000214
0.000372
0.000633
0.001056
0.001726
0.002764
0.004337
0.006667
0.010042
0.014821
0.021430
0.030360
0.042143
0.057316
0.076378
0.099724
0.127575
0.159908
0.196389
0.236322
0.278635
0.321895
0.364372
0.404143
0.439237
0.467796
0.488250
0.499474
0.500910
0.492639
0.475401
0.450542
0.419921
0.385759
0.350481
0.316534
0.286224
0.261574
0.244199
0.235223
0.235223
0.244199
0.261574
0.286224
0.316534
0.350481
0.385759
0.419921
0.450542
0.475401
0.492639
0.500910
0.499474
0.488250
0.467796
0.439237
0.404143
0.364372
0.321895
0.278635
0.236322
0.196389
0.159908
0.127575
0.099724
0.076378
0.057316
0.042143
0.030360
0.021430
0.014821
0.010042
0.006667
0.004337
0.002764
0.001726
0.001056
0.000633
0.000372
0.000214
0.000121
0.000067
0.000036
0.000019
0.000010
0.000005
0.000002
0.000001
0.000000
0.000000
