0.000000
0.000000
-0.079689
-0.161695
-0.237317
-0.303192
-0.356935
-0.396948
-0.422470
-0.433586
-0.431167
-0.416750
-0.392378
-0.360409
-0.323310
-0.283482
-0.243090
-0.203955
-0.167484
-0.134645
-0.105992
-0.081712
-0.061700
-0.045637
-0.033068
-0.023475
-0.016328
-0.011128
-0.007432
-0.004864
-0.003120
-0.001962
-0.001209
-0.000730
-0.000433
-0.000251
-0.000143
-0.000080
-0.000044
-0.000024
-0.000012
-0.000006
-0.000003
-0.000002
-0.000001
-0.000000
-0.000000
-0.000000
-0.000000
-0.000000
-0.000000
-0.000000
-0.000000
-0.000000
-0.000000
-0.000001
-0.000002
-0.000003
-0.000006
-0.000012
-0.000024
-0.000044
-0.000080
-0.000143
-0.000251
-0.000433
-0.000730
-0.001209
-0.001962
-0.003120
-0.004864
-0.007432
-0.011128
-0.016328
-0.023475
-0.033068
-0.045637
-0.061700
-0.081712
-0.105992
-0.134645
-0.167484
-0.203955
-0.243090
-0.283482
-0.323310
-0.360409
-0.392378
-0.416750
-0.431167
-0.433586
-0.422470
-0.396948
-0.356935
-0.303192
-0.237317
-0.161695
-0.079689
0.000000
0.000000
