0.000000
0.000000
-0.000038
-0.000091
-0.000173
-0.000309
-0.000531
-0.000892
-0.001467
-0.002365
-0.003734
-0.005779
-0.008763
-0.013021
-0.018958
-0.027048
-0.037811
-0.051790
-0.069505
-0.091393
-0.117745
-0.148626
-0.183811
-0.222725
-0.264416
-0.307558
-0.350501
-0.391358
-0.428139
-0.458905
-0.481937
-0.495896
-0.499949
-0.493856
-0.477989
-0.453296
-0.421211
-0.383513
-0.342169
-0.299168
-0.256369
-0.215390
-0.177525
-0.143718
-0.114568
-0.090383
-0.071240
-0.057070
-0.047739
-0.043113
-0.043113
-0.047739
-0.057070
-0.071240
-0.090383
-0.114568
-0.143718
-0.177525
-0.215390
-0.256369
-0.299168
-0.342169
-0.383513
-0.421211
-0.453296
-0.477989
-0.493856
-0.499949
-0.495896
-0.481937
-0.458905
-0.428139
-0.391358
-0.350501
-0.307558
-0.264416
-0.222725
-0.183811
-0.148626
-0.117745
-0.091393
-0.069505
-0.051790
-0.037811
-0.027048
-0.018958
-0.013021
-0.008763
-0.005779
-0.003734
-0.002365
-0.001467
-0.000892
-0.000531
-0.000309
-0.000173
-0.000091
-0.000038
0.000000
0.000000
