0.000000
0.000000
0.000000
0.000000
0.000000
0.000000
0.000001
0.000001
0.000003
0.000005
0.000010
0.000020
0.000037
0.000069
0.000124
0.000220
0.000382
0.000650
0.001083
0.001768
0.002829
0.004435
0.006811
0.010250
0.015114
0.021837
0.030914
0.042886
0.058299
0.077664
0.101397
0.129748
0.162740
0.200109
0.241264
0.285284
0.330942
0.376783
0.421232
0.462736
0.499915
0.531710
0.557495
0.577142
0.591022
0.599932
0.604963
0.607326
0.608158
0.608336
0.608336
0.608158
0.607326
0.604963
0.599932
0.591022
0.577142
0.557495
0.531710
0.499915
0.462736
0.421232
0.376783
0.330942
0.285284
0.241264
0.200109
0.162740
0.129748
0.101397
0.077664
0.058299
0.042886
0.030914
0.021837
0.015114
0.010250
0.006811
0.004435
0.002829
0.001768
0.001083
0.000650
0.000382
0.000220
0.000124
0.000069
0.000037
0.000020
0.000010
0.000005
0.000003
0.000001
0.000001
0.000000
0.000000
0.000000
0.000000
0.000000
0.000000
