0.000000
0.000000
-0.080058
-0.162632
-0.239146
-0.306338
-0.361852
-0.404044
-0.432038
-0.445749
-0.445850
-0.433676
-0.411095
-0.380331
-0.343780
-0.303830
-0.262694
-0.222288
-0.184144
-0.149372
-0.118666
-0.092337
-0.070381
-0.052552
-0.038442
-0.027549
-0.019343
-0.013305
-0.008966
-0.005920
-0.003829
-0.002426
-0.001506
-0.000916
-0.000546
-0.000318
-0.000182
-0.000102
-0.000056
-0.000030
-0.000016
-0.000008
-0.000004
-0.000002
-0.000001
-0.000000
-0.000000
-0.000000
-0.000000
-0.000000
-0.000000
-0.000000
-0.000000
-0.000000
-0.000000
-0.000001
-0.000002
-0.000004
-0.000008
-0.000016
-0.000030
-0.000056
-0.000102
-0.000182
-0.000318
-0.000546
-0.000916
-0.001506
-0.002426
-0.003829
-0.005920
-0.008966
-0.013305
-0.019343
-0.027549
-0.038442
-0.052552
-0.070381
-0.092337
-0.118666
-0.149372
-0.184144
-0.222288
-0.262694
-0.303830
-0.343780
-0.380331
-0.411095
-0.433676
-0.445850
-0.445749
-0.432038
-0.404044
-0.361852
-0.306338
-0.239146
-0.162632
-0.080058
0.000000
0.000000
