0.000000
0.000000
0.000000
0.000000
0.000000
0.000000
0.000000
0.000000
0.000000
0.000000
0.000000
0.000000
0.000001
0.000002
0.000004
0.000008
0.000015
0.000029
0.000055
0.000102
0.000186
0.000330
0.000576
0.000983
0.001643
0.002691
0.004320
0.006796
0.010480
0.015840
0.023470
0.034093
0.048553
0.067795
0.092814
0.124590
0.163989
0.211649
0.267851
0.332390
0.404466
0.482611
0.564668
0.647843
0.728827
0.804000
0.869689
0.922456
0.959403
0.978429
0.978429
0.959403
0.922456
0.869689
0.804000
0.728827
0.647843
0.564668
0.482611
0.404466
0.332390
0.267851
0.211649
0.163989
0.124590
0.092814
0.067795
0.048553
0.034093
0.023470
0.015840
0.010480
0.006796
0.004320
0.002691
0.001643
0.000983
0.000576
0.000330
0.000186
0.000102
0.000055
0.000029
0.000015
0.000008
0.000004
0.000002
0.000001
0.000000
0.000000
0.000000
0.000000
0.000000
0.000000
0.000000
0.000000
0.000000
0.000000
0.000000
0.000000
