0.000000
0.000000
-0.000002
-0.000004
-0.000008
-0.000016
-0.000031
-0.000057
-0.000103
-0.000183
-0.000320
-0.000547
-0.000916
-0.001504
-0.002421
-0.003819
-0.005903
-0.008942
-0.013274
-0.019307
-0.027517
-0.038428
-0.052581
-0.070495
-0.092601
-0.119180
-0.150286
-0.185675
-0.224757
-0.266559
-0.309741
-0.352639
-0.393362
-0.429926
-0.460410
-0.483132
-0.496805
-0.500672
-0.494589
-0.479059
-0.455197
-0.424641
-0.389431
-0.351847
-0.314248
-0.278922
-0.247948
-0.223091
-0.205733
-0.196815
-0.196815
-0.205733
-0.223091
-0.247948
-0.278922
-0.314248
-0.351847
-0.389431
-0.424641
-0.455197
-0.479059
-0.494589
-0.500672
-0.496805
-0.483132
-0.460410
-0.429926
-0.393362
-0.352639
-0.309741
-0.266559
-0.224757
-0.185675
-0.150286
-0.119180
-0.092601
-0.070495
-0.052581
-0.038428
-0.027517
-0.019307
-0.013274
-0.008942
-0.005903
-0.003819
-0.002421
-0.001504
-0.000916
-0.000547
-0.000320
-0.000183
-0.000103
-0.000057
-0.000031
-0.000016
-0.000008
-0.000004
-0.000002
0.000000
0.000000
