0.000000
0.000000
-0.006616
-0.014394
-0.023617
-0.034977
-0.049166
-0.066816
-0.088455
-0.114444
-0.144911
-0.179689
-0.218256
-0.259711
-0.302775
-0.345831
-0.387015
-0.424343
-0.455861
-0.479820
-0.494830
-0.499999
-0.495017
-0.480188
-0.456400
-0.425036
-0.387840
-0.346760
-0.303778
-0.260757
-0.219315
-0.180740
-0.145946
-0.115474
-0.089521
-0.068000
-0.050611
-0.036907
-0.026371
-0.018461
-0.012662
-0.008509
-0.005603
-0.003615
-0.002287
-0.001421
-0.000871
-0.000536
-0.000348
-0.000263
-0.000263
-0.000348
-0.000536
-0.000871
-0.001421
-0.002287
-0.003615
-0.005603
-0.008509
-0.012662
-0.018461
-0.026371
-0.036907
-0.050611
-0.068000
-0.089521
-0.115474
-0.145946
-0.180740
-0.219315
-0.260757
-0.303778
-0.346760
-0.387840
-0.425036
-0.456400
-0.480188
-0.495017
-0.499999
-0.494830
-0.479820
-0.455861
-0.424343
-0.387015
-0.345831
-0.302775
-0.259711
-0.218256
-0.179689
-0.144911
-0.114444
-0.088455
-0.066816
-0.049166
-0.034977
-0.023617
-0.014394
-0.006616
0.000000
0.000000
