0.000000
0.000000
0.074715
0.151094
0.220527
0.279568
0.325907
0.358195
0.376071
0.380108
0.371683
0.352780
0.325768
0.293166
0.257428
0.220768
0.185038
0.151659
0.121601
0.095413
0.073281
0.055102
0.040570
0.029251
0.020654
0.014283
0.009674
0.006417
0.004169
0.002653
0.001653
0.001009
0.000603
0.000353
0.000202
0.000113
0.000062
0.000033
0.000018
0.000009
0.000005
0.000002
0.000001
0.000001
0.000000
0.000000
0.000000
0.000000
0.000000
0.000000
0.000000
0.000000
0.000000
0.000000
0.000000
0.000000
0.000001
0.000001
0.000002
0.000005
0.000009
0.000018
0.000033
0.000062
0.000113
0.000202
0.000353
0.000603
0.001009
0.001653
0.002653
0.004169
0.006417
0.009674
0.014283
0.020654
0.029251
0.040570
0.055102
0.073281
0.095413
0.121601
0.151659
0.185038
0.220768
0.257428
0.293166
0.325768
0.352780
0.371683
0.380108
0.376071
0.358195
0.325907
0.279568
0.220527
0.151094
0.074715
0.000000
0.000000
