0.000000
0.000000
0.000001
0.000004
0.000008
0.000015
0.000028
0.000052
0.000094
0.000167
0.000292
0.000500
0.000839
0.001381
0.002229
0.003527
0.005469
0.008313
0.012383
0.018077
0.025861
0.036253
0.049796
0.067018
0.088373
0.114174
0.144521
0.179227
0.217761
0.259215
0.302305
0.345414
0.386677
0.424115
0.455783
0.479949
0.495256
0.500859
0.496521
0.482652
0.460286
0.431003
0.396805
0.359967
0.322866
0.287827
0.256983
0.232159
0.214788
0.205852
0.205852
0.214788
0.232159
0.256983
0.287827
0.322866
0.359967
0.396805
0.431003
0.460286
0.482652
0.496521
0.500859
0.495256
0.479949
0.455783
0.424115
0.386677
0.345414
0.302305
0.259215
0.217761
0.179227
0.144521
0.114174
0.088373
0.067018
0.049796
0.036253
0.025861
0.018077
0.012383
0.008313
0.005469
0.003527
0.002229
0.001381
0.000839
0.000500
0.000292
0.000167
0.000094
0.000052
0.000028
0.000015
0.000008
0.000004
0.000001
0.000000
0.000000
