0.000000
0.000000
-0.047573
-0.098747
-0.150416
-0.202174
-0.253492
-0.303493
-0.350955
-0.394393
-0.432184
-0.462727
-0.484612
-0.496788
-0.498686
-0.490301
-0.472213
-0.445538
-0.411834
-0.372959
-0.330908
-0.287648
-0.244979
-0.204412
-0.167109
-0.133848
-0.105037
-0.080761
-0.060841
-0.044909
-0.032480
-0.023018
-0.015985
-0.010878
-0.007254
-0.004741
-0.003037
-0.001907
-0.001173
-0.000708
-0.000419
-0.000243
-0.000138
-0.000077
-0.000042
-0.000023
-0.000012
-0.000006
-0.000003
-0.000002
-0.000002
-0.000003
-0.000006
-0.000012
-0.000023
-0.000042
-0.000077
-0.000138
-0.000243
-0.000419
-0.000708
-0.001173
-0.001907
-0.003037
-0.004741
-0.007254
-0.010878
-0.015985
-0.023018
-0.032480
-0.044909
-0.060841
-0.080761
-0.105037
-0.133848
-0.167109
-0.204412
-0.244979
-0.287648
-0.330908
-0.372959
-0.411834
-0.445538
-0.472213
-0.490301
-0.498686
-0.496788
-0.484612
-0.462727
-0.432184
-0.394393
-0.350955
-0.303493
-0.253492
-0.202174
-0.150416
-0.098747
-0.047573
0.000000
0.000000
