0.000000
0.000000
-0.000021
-0.000051
-0.000098
-0.000178
-0.000312
-0.000535
-0.000897
-0.001475
-0.002376
-0.003751
-0.005803
-0.008798
-0.013071
-0.019028
-0.027141
-0.037934
-0.051948
-0.069702
-0.091634
-0.118031
-0.148957
-0.184183
-0.223130
-0.264843
-0.307992
-0.350924
-0.391751
-0.428481
-0.459178
-0.482125
-0.495989
-0.499943
-0.493754
-0.477801
-0.453042
-0.420919
-0.383222
-0.341931
-0.299053
-0.256473
-0.215844
-0.178509
-0.145480
-0.117445
-0.094815
-0.077794
-0.066450
-0.060785
-0.060785
-0.066450
-0.077794
-0.094815
-0.117445
-0.145480
-0.178509
-0.215844
-0.256473
-0.299053
-0.341931
-0.383222
-0.420919
-0.453042
-0.477801
-0.493754
-0.499943
-0.495989
-0.482125
-0.459178
-0.428481
-0.391751
-0.350924
-0.307992
-0.264843
-0.223130
-0.184183
-0.148957
-0.118031
-0.091634
-0.069702
-0.051948
-0.037934
-0.027141
-0.019028
-0.013071
-0.008798
-0.005803
-0.003751
-0.002376
-0.001475
-0.000897
-0.000535
-0.000312
-0.000178
-0.000098
-0.000051
-0.000021
0.000000
0.000000
