0.000000
0.000000
-0.000000
-0.000000
-0.000000
-0.000000
-0.000001
-0.000001
-0.000003
-0.000006
-0.000011
-0.000022
-0.000041
-0.000075
-0.000136
-0.000241
-0.000418
-0.000710
-0.001181
-0.001924
-0.003069
-0.004795
-0.007339
-0.011006
-0.016169
-0.023273
-0.032821
-0.045355
-0.061415
-0.081495
-0.105980
-0.135080
-0.168763
-0.206699
-0.248229
-0.292360
-0.337803
-0.383055
-0.426513
-0.466621
-0.502030
-0.531738
-0.555208
-0.572423
-0.583878
-0.590502
-0.593519
-0.594256
-0.593947
-0.593536
-0.593536
-0.593947
-0.594256
-0.593519
-0.590502
-0.583878
-0.572423
-0.555208
-0.531738
-0.502030
-0.466621
-0.426513
-0.383055
-0.337803
-0.292360
-0.248229
-0.206699
-0.168763
-0.135080
-0.105980
-0.081495
-0.061415
-0.045355
-0.032821
-0.023273
-0.016169
-0.011006
-0.007339
-0.004795
-0.003069
-0.001924
-0.001181
-0.000710
-0.000418
-0.000241
-0.000136
-0.000075
-0.000041
-0.000022
-0.000011
-0.000006
-0.000003
-0.000001
-0.000001
-0.000000
-0.000000
-0.000000
-0.000000
0.000000
0.000000
