0.000000
0.000000
-0.043905
-0.091343
-0.139654
-0.188641
-0.237947
-0.286831
-0.334165
-0.378501
-0.418190
-0.451533
-0.476962
-0.493206
-0.499441
-0.495388
-0.481359
-0.458237
-0.427395
-0.390570
-0.349710
-0.306805
-0.263733
-0.222134
-0.183324
-0.148243
-0.117458
-0.091188
-0.069365
-0.051700
-0.037755
-0.027015
-0.018939
-0.013009
-0.008755
-0.005772
-0.003729
-0.002359
-0.001463
-0.000888
-0.000528
-0.000308
-0.000176
-0.000098
-0.000054
-0.000029
-0.000015
-0.000008
-0.000004
-0.000003
-0.000003
-0.000004
-0.000008
-0.000015
-0.000029
-0.000054
-0.000098
-0.000176
-0.000308
-0.000528
-0.000888
-0.001463
-0.002359
-0.003729
-0.005772
-0.008755
-0.013009
-0.018939
-0.027015
-0.037755
-0.051700
-0.069365
-0.091188
-0.117458
-0.148243
-0.183324
-0.222134
-0.263733
-0.306805
-0.349710
-0.390570
-0.427395
-0.458237
-0.481359
-0.495388
-0.499441
-0.493206
-0.476962
-0.451533
-0.418190
-0.378501
-0.334165
-0.286831
-0.237947
-0.188641
-0.139654
-0.091343
-0.043905
0.000000
0.000000
