0.000000
0.000000
-0.000001
-0.000003
-0.000005
-0.000011
-0.000021
-0.000039
-0.000073
-0.000132
-0.000234
-0.000407
-0.000692
-0.001152
-0.001878
-0.002998
-0.004690
-0.007186
-0.010786
-0.015859
-0.022847
-0.032245
-0.044588
-0.060409
-0.080191
-0.104302
-0.132925
-0.165988
-0.203096
-0.243493
-0.286044
-0.329264
-0.371384
-0.410464
-0.444540
-0.471788
-0.490695
-0.500215
-0.499878
-0.489860
-0.470986
-0.444673
-0.412828
-0.377696
-0.341697
-0.307254
-0.276634
-0.251808
-0.234346
-0.225338
-0.225338
-0.234346
-0.251808
-0.276634
-0.307254
-0.341697
-0.377696
-0.412828
-0.444673
-0.470986
-0.489860
-0.499878
-0.500215
-0.490695
-0.471788
-0.444540
-0.410464
-0.371384
-0.329264
-0.286044
-0.243493
-0.203096
-0.165988
-0.132925
-0.104302
-0.080191
-0.060409
-0.044588
-0.032245
-0.022847
-0.015859
-0.010786
-0.007186
-0.004690
-0.002998
-0.001878
-0.001152
-0.000692
-0.000407
-0.000234
-0.000132
-0.000073
-0.000039
-0.000021
-0.000011
-0.000005
-0.000003
-0.000001
0.000000
0.000000
