0.000000
0.000000
0.000000
0.000000
0.000000
0.000001
0.000002
0.000004
0.000008
0.000015
0.000029
0.000053
0.000096
0.000171
0.000299
0.000511
0.000857
0.001409
0.002272
0.003591
0.005564
0.008450
0.012577
0.018346
0.026226
0.036736
0.050423
0.067815
0.089366
0.115391
0.145991
0.180987
0.219867
0.261755
0.305423
0.349345
0.391790
0.430963
0.465172
0.493001
0.513475
0.526182
0.531352
0.529848
0.523099
0.512946
0.501448
0.490647
0.482328
0.477817
0.477817
0.482328
0.490647
0.501448
0.512946
0.523099
0.529848
0.531352
0.526182
0.513475
0.493001
0.465172
0.430963
0.391790
0.349345
0.305423
0.261755
0.219867
0.180987
0.145991
0.115391
0.089366
0.067815
0.050423
0.036736
0.026226
0.018346
0.012577
0.008450
0.005564
0.003591
0.002272
0.001409
0.000857
0.000511
0.000299
0.000171
0.000096
0.000053
0.000029
0.000015
0.000008
0.000004
0.000002
0.000001
0.000000
0.000000
0.000000
0.000000
0.000000
