0.000000
0.000000
-0.000000
-0.000001
-0.000003
-0.000006
-0.000011
-0.000021
-0.000040
-0.000073
-0.000133
-0.000236
-0.000409
-0.000696
-0.001158
-0.001887
-0.003012
-0.004711
-0.007216
-0.010828
-0.015919
-0.022928
-0.032353
-0.044728
-0.060587
-0.080411
-0.104567
-0.133238
-0.166347
-0.203499
-0.243936
-0.286523
-0.329777
-0.371938
-0.411079
-0.445258
-0.472687
-0.491902
-0.501923
-0.502367
-0.493515
-0.476319
-0.452336
-0.423616
-0.392540
-0.361633
-0.333369
-0.309982
-0.293302
-0.284627
-0.284627
-0.293302
-0.309982
-0.333369
-0.361633
-0.392540
-0.423616
-0.452336
-0.476319
-0.493515
-0.502367
-0.501923
-0.491902
-0.472687
-0.445258
-0.411079
-0.371938
-0.329777
-0.286523
-0.243936
-0.203499
-0.166347
-0.133238
-0.104567
-0.080411
-0.060587
-0.044728
-0.032353
-0.022928
-0.015919
-0.010828
-0.007216
-0.004711
-0.003012
-0.001887
-0.001158
-0.000696
-0.000409
-0.000236
-0.000133
-0.000073
-0.000040
-0.000021
-0.000011
-0.000006
-0.000003
-0.000001
-0.000000
0.000000
0.000000
