0.000000
0.000000
-0.003759
-0.008276
-0.013831
-0.020963
-0.030254
-0.042296
-0.057667
-0.076887
-0.100365
-0.128326
-0.160747
-0.197288
-0.237249
-0.279553
-0.322762
-0.365137
-0.404750
-0.439614
-0.467850
-0.487853
-0.498444
-0.498980
-0.489425
-0.470350
-0.442878
-0.408575
-0.369302
-0.327048
-0.283764
-0.241224
-0.200909
-0.163944
-0.131072
-0.102671
-0.078798
-0.059254
-0.043657
-0.031518
-0.022296
-0.015456
-0.010500
-0.006993
-0.004569
-0.002936
-0.001866
-0.001195
-0.000806
-0.000629
-0.000629
-0.000806
-0.001195
-0.001866
-0.002936
-0.004569
-0.006993
-0.010500
-0.015456
-0.022296
-0.031518
-0.043657
-0.059254
-0.078798
-0.102671
-0.131072
-0.163944
-0.200909
-0.241224
-0.283764
-0.327048
-0.369302
-0.408575
-0.442878
-0.470350
-0.489425
-0.498980
-0.498444
-0.487853
-0.467850
-0.439614
-0.404750
-0.365137
-0.322762
-0.279553
-0.237249
-0.197288
-0.160747
-0.128326
-0.100365
-0.076887
-0.057667
-0.042296
-0.030254
-0.020963
-0.013831
-0.008276
-0.003759
0.000000
0.000000
