0.000000
0.000000
0.069714
0.142919
0.213347
0.279010
0.338240
0.389455
0.431231
0.462406
0.482191
0.490266
0.486839
0.472661
0.448988
0.417487
0.380112
0.338945
0.296044
0.253299
0.212319
0.174358
0.140283
0.110582
0.085407
0.064630
0.047919
0.034812
0.024780
0.017283
0.011811
0.007909
0.005190
0.003337
0.002103
0.001298
0.000785
0.000466
0.000271
0.000154
0.000086
0.000047
0.000025
0.000013
0.000007
0.000003
0.000002
0.000001
0.000000
0.000000
0.000000
0.000000
0.000001
0.000002
0.000003
0.000007
0.000013
0.000025
0.000047
0.000086
0.000154
0.000271
0.000466
0.000785
0.001298
0.002103
0.003337
0.005190
0.007909
0.011811
0.017283
0.024780
0.034812
0.047919
0.064630
0.085407
0.110582
0.140283
0.174358
0.212319
0.253299
0.296044
0.338945
0.380112
0.417487
0.448988
0.472661
0.486839
0.490266
0.482191
0.462406
0.431231
0.389455
0.338240
0.279010
0.213347
0.142919
0.069714
0.000000
0.000000
