0.000000
0.000000
0.000003
0.000007
0.000015
0.000028
0.000051
0.000093
0.000166
0.000290
0.000497
0.000835
0.001375
0.002219
0.003511
0.005446
0.008279
0.012335
0.018011
0.025771
0.036134
0.049643
0.066826
0.088138
0.113894
0.144195
0.178859
0.217356
0.258784
0.301860
0.344968
0.386243
0.423699
0.455383
0.479548
0.494811
0.500293
0.495711
0.481413
0.458352
0.428013
0.392282
0.353302
0.313314
0.274510
0.238910
0.208271
0.184028
0.167264
0.158703
0.158703
0.167264
0.184028
0.208271
0.238910
0.274510
0.313314
0.353302
0.392282
0.428013
0.458352
0.481413
0.495711
0.500293
0.494811
0.479548
0.455383
0.423699
0.386243
0.344968
0.301860
0.258784
0.217356
0.178859
0.144195
0.113894
0.088138
0.066826
0.049643
0.036134
0.025771
0.018011
0.012335
0.008279
0.005446
0.003511
0.002219
0.001375
0.000835
0.000497
0.000290
0.000166
0.000093
0.000051
0.000028
0.000015
0.000007
0.000003
0.000000
0.000000
