0.000000
0.000000
0.000000
0.000000
0.000000
0.000000
0.000000
0.000000
0.000000
0.000000
0.000000
0.000000
0.000001
0.000001
0.000003
0.000005
0.000011
0.000021
0.000041
0.000077
0.000143
0.000258
0.000456
0.000790
0.001341
0.002231
0.003635
0.005803
0.009078
0.013914
0.020896
0.030750
0.044340
0.062649
0.086736
0.117670
0.156425
0.203762
0.260085
0.325297
0.398675
0.478773
0.563392
0.649621
0.733967
0.812567
0.881469
0.936954
0.975873
0.995934
0.995934
0.975873
0.936954
0.881469
0.812567
0.733967
0.649621
0.563392
0.478773
0.398675
0.325297
0.260085
0.203762
0.156425
0.117670
0.086736
0.062649
0.044340
0.030750
0.020896
0.013914
0.009078
0.005803
0.003635
0.002231
0.001341
0.000790
0.000456
0.000258
0.000143
0.000077
0.000041
0.000021
0.000011
0.000005
0.000003
0.000001
0.000001
0.000000
0.000000
0.000000
0.000000
0.000000
0.000000
0.000000
0.000000
0.000000
0.000000
0.000000
0.000000
