0.000000
0.000000
0.000010
0.000025
0.000050
0.000092
0.000164
0.000287
0.000492
0.000826
0.001361
0.002198
0.003479
0.005399
0.008211
0.012239
0.017879
0.025593
0.035899
0.049339
0.066444
0.087670
0.113335
0.143546
0.178125
0.216553
0.257932
0.300988
0.344109
0.385433
0.422973
0.454769
0.479061
0.494446
0.500015
0.495445
0.481028
0.457648
0.426693
0.389931
0.349353
0.307013
0.264885
0.224743
0.188086
0.156105
0.129685
0.109438
0.095758
0.088868
0.088868
0.095758
0.109438
0.129685
0.156105
0.188086
0.224743
0.264885
0.307013
0.349353
0.389931
0.426693
0.457648
0.481028
0.495445
0.500015
0.494446
0.479061
0.454769
0.422973
0.385433
0.344109
0.300988
0.257932
0.216553
0.178125
0.143546
0.113335
0.087670
0.066444
0.049339
0.035899
0.025593
0.017879
0.012239
0.008211
0.005399
0.003479
0.002198
0.001361
0.000826
0.000492
0.000287
0.000164
0.000092
0.000050
0.000025
0.000010
0.000000
0.000000
