0.000000
0.000000
0.008754
0.018930
0.030772
0.045034
0.062441
0.083606
0.108975
0.138759
0.172872
0.210876
0.251949
0.294880
0.338110
0.379809
0.418001
0.450715
0.476152
0.492849
0.499819
0.496647
0.483533
0.461267
0.431154
0.394886
0.354384
0.311632
0.268523
0.226720
0.187573
0.152062
0.120793
0.094020
0.071707
0.053586
0.039235
0.028147
0.019783
0.013622
0.009189
0.006072
0.003930
0.002492
0.001549
0.000945
0.000568
0.000342
0.000217
0.000161
0.000161
0.000217
0.000342
0.000568
0.000945
0.001549
0.002492
0.003930
0.006072
0.009189
0.013622
0.019783
0.028147
0.039235
0.053586
0.071707
0.094020
0.120793
0.152062
0.187573
0.226720
0.268523
0.311632
0.354384
0.394886
0.431154
0.461267
0.483533
0.496647
0.499819
0.492849
0.476152
0.450715
0.418001
0.379809
0.338110
0.294880
0.251949
0.210876
0.172872
0.138759
0.108975
0.083606
0.062441
0.045034
0.030772
0.018930
0.008754
0.000000
0.000000
