0.000000
0.000000
0.000000
0.000000
0.000000
0.000000
0.000000
0.000000
0.000000
0.000000
0.000001
0.000001
0.000003
0.000005
0.000011
0.000021
0.000039
0.000072
0.000130
0.000230
0.000401
0.000683
0.001142
0.001871
0.003006
0.004733
0.007306
0.011060
0.016417
0.023899
0.034124
0.047795
0.065674
0.088544
0.117148
0.152122
0.193909
0.242674
0.298227
0.359952
0.426770
0.497133
0.569059
0.640208
0.707999
0.769758
0.822889
0.865046
0.894302
0.909286
0.909286
0.894302
0.865046
0.822889
0.769758
0.707999
0.640208
0.569059
0.497133
0.426770
0.359952
0.298227
0.242674
0.193909
0.152122
0.117148
0.088544
0.065674
0.047795
0.034124
0.023899
0.016417
0.011060
0.007306
0.004733
0.003006
0.001871
0.001142
0.000683
0.000401
0.000230
0.000130
0.000072
0.000039
0.000021
0.000011
0.000005
0.000003
0.000001
0.000001
0.000000
0.000000
0.000000
0.000000
0.000000
0.000000
0.000000
0.000000
0.000000
0.000000
