0.000000
0.000000
-0.000542
-0.001242
-0.002203
-0.003592
-0.005624
-0.008569
-0.012763
-0.018611
-0.026583
-0.037201
-0.051008
-0.068525
-0.090196
-0.116321
-0.146978
-0.181957
-0.220703
-0.262282
-0.305388
-0.348383
-0.389391
-0.426423
-0.457533
-0.480988
-0.495426
-0.499987
-0.494397
-0.478998
-0.454711
-0.422944
-0.385459
-0.344210
-0.301177
-0.258210
-0.216909
-0.178541
-0.143998
-0.113798
-0.088123
-0.066873
-0.049741
-0.036284
-0.025991
-0.018345
-0.012864
-0.009133
-0.006831
-0.005736
-0.005736
-0.006831
-0.009133
-0.012864
-0.018345
-0.025991
-0.036284
-0.049741
-0.066873
-0.088123
-0.113798
-0.143998
-0.178541
-0.216909
-0.258210
-0.301177
-0.344210
-0.385459
-0.422944
-0.454711
-0.478998
-0.494397
-0.499987
-0.495426
-0.480988
-0.457533
-0.426423
-0.389391
-0.348383
-0.305388
-0.262282
-0.220703
-0.181957
-0.146978
-0.116321
-0.090196
-0.068525
-0.051008
-0.037201
-0.026583
-0.018611
-0.012763
-0.008569
-0.005624
-0.003592
-0.002203
-0.001242
-0.000542
0.000000
0.000000
