0.000000
0.000000
-0.012858
-0.025851
-0.037366
-0.046730
-0.053532
-0.057600
-0.058988
-0.057949
-0.054887
-0.050295
-0.044700
-0.038601
-0.032435
-0.026548
-0.021186
-0.016497
-0.012541
-0.009313
-0.006759
-0.004796
-0.003329
-0.002260
-0.001502
-0.000977
-0.000623
-0.000389
-0.000238
-0.000142
-0.000084
-0.000048
-0.000027
-0.000015
-0.000008
-0.000004
-0.000002
-0.000001
-0.000001
-0.000000
-0.000000
-0.000000
-0.000000
-0.000000
-0.000000
-0.000000
-0.000000
-0.000000
-0.000000
-0.000000
-0.000000
-0.000000
-0.000000
-0.000000
-0.000000
-0.000000
-0.000000
-0.000000
-0.000000
-0.000000
-0.000000
-0.000001
-0.000001
-0.000002
-0.000004
-0.000008
-0.000015
-0.000027
-0.000048
-0.000084
-0.000142
-0.000238
-0.000389
-0.000623
-0.000977
-0.001502
-0.002260
-0.003329
-0.004796
-0.006759
-0.009313
-0.012541
-0.016497
-0.021186
-0.026548
-0.032435
-0.038601
-0.044700
-0.050295
-0.054887
-0.057949
-0.058988
-0.057600
-0.053532
-0.046730
-0.037366
-0.025851
-0.012858
0.000000
0.000000
