0.000000
0.000000
-0.000000
-0.000000
-0.000000
-0.000000
-0.000000
-0.000000
-0.000000
-0.000000
-0.000000
-0.000000
-0.000001
-0.000002
-0.000004
-0.000007
-0.000014
-0.000027
-0.000052
-0.000096
-0.000175
-0.000312
-0.000544
-0.000932
-0.001563
-0.002568
-0.004137
-0.006531
-0.010106
-0.015328
-0.022789
-0.033213
-0.047451
-0.066457
-0.091246
-0.122819
-0.162070
-0.209668
-0.265921
-0.330651
-0.403073
-0.481721
-0.564426
-0.648362
-0.730175
-0.806187
-0.872656
-0.926081
-0.963503
-0.982778
-0.982778
-0.963503
-0.926081
-0.872656
-0.806187
-0.730175
-0.648362
-0.564426
-0.481721
-0.403073
-0.330651
-0.265921
-0.209668
-0.162070
-0.122819
-0.091246
-0.066457
-0.047451
-0.033213
-0.022789
-0.015328
-0.010106
-0.006531
-0.004137
-0.002568
-0.001563
-0.000932
-0.000544
-0.000312
-0.000175
-0.000096
-0.000052
-0.000027
-0.000014
-0.000007
-0.000004
-0.000002
-0.000001
-0.000000
-0.000000
-0.000000
-0.000000
-0.000000
-0.000000
-0.000000
-0.000000
-0.000000
-0.000000
0.000000
0.000000
