0.000000
0.000000
0.000000
0.000000
0.000000
0.000000
0.000000
0.000001
0.000002
0.000004
0.000008
0.000015
0.000029
0.000054
0.000097
0.000173
0.000302
0.000516
0.000866
0.001423
0.002294
0.003625
0.005615
0.008525
0.012688
0.018506
0.026454
0.037060
0.050881
0.068463
0.090285
0.116700
0.147863
0.183672
0.223718
0.267267
0.313266
0.360404
0.407195
0.452110
0.493712
0.530802
0.562536
0.588499
0.608726
0.623654
0.634019
0.640706
0.644582
0.646332
0.646332
0.644582
0.640706
0.634019
0.623654
0.608726
0.588499
0.562536
0.530802
0.493712
0.452110
0.407195
0.360404
0.313266
0.267267
0.223718
0.183672
0.147863
0.116700
0.090285
0.068463
0.050881
0.037060
0.026454
0.018506
0.012688
0.008525
0.005615
0.003625
0.002294
0.001423
0.000866
0.000516
0.000302
0.000173
0.000097
0.000054
0.000029
0.000015
0.000008
0.000004
0.000002
0.000001
0.000000
0.000000
0.000000
0.000000
0.000000
0.000000
0.000000
