0.000000
0.000000
0.033523
0.067462
0.097662
0.122403
0.140614
0.151813
0.156087
0.154031
0.146626
0.135102
0.120786
0.104967
0.088790
0.073182
0.058823
0.046139
0.035337
0.026437
0.019329
0.013814
0.009654
0.006599
0.004413
0.002887
0.001849
0.001159
0.000711
0.000427
0.000251
0.000145
0.000082
0.000045
0.000024
0.000013
0.000007
0.000003
0.000002
0.000001
0.000000
0.000000
0.000000
0.000000
0.000000
0.000000
0.000000
0.000000
0.000000
0.000000
0.000000
0.000000
0.000000
0.000000
0.000000
0.000000
0.000000
0.000000
0.000000
0.000000
0.000001
0.000002
0.000003
0.000007
0.000013
0.000024
0.000045
0.000082
0.000145
0.000251
0.000427
0.000711
0.001159
0.001849
0.002887
0.004413
0.006599
0.009654
0.013814
0.019329
0.026437
0.035337
0.046139
0.058823
0.073182
0.088790
0.104967
0.120786
0.135102
0.146626
0.154031
0.156087
0.151813
0.140614
0.122403
0.097662
0.067462
0.033523
0.000000
0.000000
