0.000000
0.000000
-0.010798
-0.023235
-0.037481
-0.054317
-0.074466
-0.098497
-0.126759
-0.159320
-0.195911
-0.235881
-0.278191
-0.321428
-0.363874
-0.403608
-0.438647
-0.467111
-0.487383
-0.498269
-0.499112
-0.489855
-0.471053
-0.443813
-0.409689
-0.370537
-0.328342
-0.285062
-0.242475
-0.202075
-0.164996
-0.131994
-0.103456
-0.079448
-0.059779
-0.044071
-0.031836
-0.022534
-0.015629
-0.010623
-0.007075
-0.004619
-0.002955
-0.001853
-0.001140
-0.000689
-0.000411
-0.000246
-0.000155
-0.000115
-0.000115
-0.000155
-0.000246
-0.000411
-0.000689
-0.001140
-0.001853
-0.002955
-0.004619
-0.007075
-0.010623
-0.015629
-0.022534
-0.031836
-0.044071
-0.059779
-0.079448
-0.103456
-0.131994
-0.164996
-0.202075
-0.242475
-0.285062
-0.328342
-0.370537
-0.409689
-0.443813
-0.471053
-0.489855
-0.499112
-0.498269
-0.487383
-0.467111
-0.438647
-0.403608
-0.363874
-0.321428
-0.278191
-0.235881
-0.195911
-0.159320
-0.126759
-0.098497
-0.074466
-0.054317
-0.037481
-0.023235
-0.010798
0.000000
0.000000
