0.000000
0.000000
0.007299
0.015844
0.025907
0.038202
0.053430
0.072221
0.095077
0.122311
0.153987
0.189849
0.229282
0.271286
0.314489
0.357202
0.397521
0.433456
0.463093
0.484766
0.497203
0.499659
0.491985
0.474642
0.448659
0.415531
0.377072
0.335259
0.292059
0.249285
0.208476
0.170825
0.137145
0.107882
0.083148
0.062791
0.046460
0.033683
0.023927
0.016654
0.011358
0.007590
0.004971
0.003190
0.002008
0.001241
0.000758
0.000465
0.000300
0.000226
0.000226
0.000300
0.000465
0.000758
0.001241
0.002008
0.003190
0.004971
0.007590
0.011358
0.016654
0.023927
0.033683
0.046460
0.062791
0.083148
0.107882
0.137145
0.170825
0.208476
0.249285
0.292059
0.335259
0.377072
0.415531
0.448659
0.474642
0.491985
0.499659
0.497203
0.484766
0.463093
0.433456
0.397521
0.357202
0.314489
0.271286
0.229282
0.189849
0.153987
0.122311
0.095077
0.072221
0.053430
0.038202
0.025907
0.015844
0.007299
0.000000
0.000000
