0.000000
0.000000
0.006204
0.013516
0.022227
0.033014
0.046560
0.063501
0.084377
0.109578
0.139274
0.173347
0.211339
0.252408
0.295334
0.338549
0.380218
0.418362
0.451011
0.476366
0.492969
0.499837
0.496564
0.483353
0.461001
0.430818
0.394498
0.353963
0.311200
0.268095
0.226314
0.187199
0.151728
0.120503
0.093776
0.071506
0.053425
0.039109
0.028051
0.019711
0.013570
0.009152
0.006047
0.003914
0.002484
0.001547
0.000951
0.000587
0.000381
0.000288
0.000288
0.000381
0.000587
0.000951
0.001547
0.002484
0.003914
0.006047
0.009152
0.013570
0.019711
0.028051
0.039109
0.053425
0.071506
0.093776
0.120503
0.151728
0.187199
0.226314
0.268095
0.311200
0.353963
0.394498
0.430818
0.461001
0.483353
0.496564
0.499837
0.492969
0.476366
0.451011
0.418362
0.380218
0.338549
0.295334
0.252408
0.211339
0.173347
0.139274
0.109578
0.084377
0.063501
0.046560
0.033014
0.022227
0.013516
0.006204
0.000000
0.000000
