0.000000
0.000000
-0.000000
-0.000000
-0.000000
-0.000000
-0.000000
-0.000000
-0.000001
-0.000001
-0.000003
-0.000006
-0.000011
-0.000022
-0.000041
-0.000076
-0.000138
-0.000244
-0.000424
-0.000719
-0.001195
-0.001947
-0.003106
-0.004854
-0.007433
-0.011151
-0.016395
-0.023622
-0.033358
-0.046176
-0.062661
-0.083374
-0.108788
-0.139232
-0.174828
-0.215438
-0.260628
-0.309657
-0.361499
-0.414893
-0.468424
-0.520622
-0.570064
-0.615474
-0.655785
-0.690186
-0.718116
-0.739236
-0.753369
-0.760447
-0.760447
-0.753369
-0.739236
-0.718116
-0.690186
-0.655785
-0.615474
-0.570064
-0.520622
-0.468424
-0.414893
-0.361499
-0.309657
-0.260628
-0.215438
-0.174828
-0.139232
-0.108788
-0.083374
-0.062661
-0.046176
-0.033358
-0.023622
-0.016395
-0.011151
-0.007433
-0.004854
-0.003106
-0.001947
-0.001195
-0.000719
-0.000424
-0.000244
-0.000138
-0.000076
-0.000041
-0.000022
-0.000011
-0.000006
-0.000003
-0.000001
-0.000001
-0.000000
-0.000000
-0.000000
-0.000000
-0.000000
-0.000000
0.000000
0.000000
