0.000000
0.000000
0.000013
0.000032
0.000064
0.000117
0.000209
0.000363
0.000620
0.001035
0.001693
0.002713
0.004261
0.006556
0.009883
0.014598
0.021125
0.029953
0.041611
0.056639
0.075537
0.098705
0.126374
0.158530
0.194852
0.234659
0.276891
0.320126
0.362637
0.402498
0.437718
0.466406
0.486939
0.498110
0.499250
0.490295
0.471790
0.444844
0.411017
0.372183
0.330368
0.287590
0.245720
0.206386
0.170907
0.140281
0.115207
0.096130
0.083309
0.076872
0.076872
0.083309
0.096130
0.115207
0.140281
0.170907
0.206386
0.245720
0.287590
0.330368
0.372183
0.411017
0.444844
0.471790
0.490295
0.499250
0.498110
0.486939
0.466406
0.437718
0.402498
0.362637
0.320126
0.276891
0.234659
0.194852
0.158530
0.126374
0.098705
0.075537
0.056639
0.041611
0.029953
0.021125
0.014598
0.009883
0.006556
0.004261
0.002713
0.001693
0.001035
0.000620
0.000363
0.000209
0.000117
0.000064
0.000032
0.000013
0.000000
0.000000
