0.000000
0.000000
-0.014670
-0.031349
-0.050024
-0.071487
-0.096425
-0.125292
-0.158244
-0.195078
-0.235198
-0.277602
-0.320905
-0.363407
-0.403201
-0.438311
-0.466855
-0.487220
-0.498207
-0.499153
-0.489997
-0.471285
-0.444123
-0.410060
-0.370947
-0.328773
-0.285494
-0.242893
-0.202464
-0.165347
-0.132302
-0.103718
-0.079666
-0.059955
-0.044210
-0.031942
-0.022614
-0.015688
-0.010665
-0.007105
-0.004639
-0.002968
-0.001862
-0.001145
-0.000690
-0.000409
-0.000239
-0.000140
-0.000086
-0.000063
-0.000063
-0.000086
-0.000140
-0.000239
-0.000409
-0.000690
-0.001145
-0.001862
-0.002968
-0.004639
-0.007105
-0.010665
-0.015688
-0.022614
-0.031942
-0.044210
-0.059955
-0.079666
-0.103718
-0.132302
-0.165347
-0.202464
-0.242893
-0.285494
-0.328773
-0.370947
-0.410060
-0.444123
-0.471285
-0.489997
-0.499153
-0.498207
-0.487220
-0.466855
-0.438311
-0.403201
-0.363407
-0.320905
-0.277602
-0.235198
-0.195078
-0.158244
-0.125292
-0.096425
-0.071487
-0.050024
-0.031349
-0.014670
0.000000
0.000000
