0.000000
0.000000
-0.078409
-0.159761
-0.236095
-0.304515
-0.362826
-0.409330
-0.442889
-0.462989
-0.469770
-0.464004
-0.447029
-0.420641
-0.386951
-0.348219
-0.306691
-0.264451
-0.223298
-0.184670
-0.149598
-0.118717
-0.092296
-0.070300
-0.052461
-0.038356
-0.027475
-0.019283
-0.013260
-0.008933
-0.005896
-0.003813
-0.002415
-0.001499
-0.000911
-0.000543
-0.000317
-0.000181
-0.000101
-0.000056
-0.000030
-0.000016
-0.000008
-0.000004
-0.000002
-0.000001
-0.000000
-0.000000
-0.000000
-0.000000
-0.000000
-0.000000
-0.000000
-0.000000
-0.000001
-0.000002
-0.000004
-0.000008
-0.000016
-0.000030
-0.000056
-0.000101
-0.000181
-0.000317
-0.000543
-0.000911
-0.001499
-0.002415
-0.003813
-0.005896
-0.008933
-0.013260
-0.019283
-0.027475
-0.038356
-0.052461
-0.070300
-0.092296
-0.118717
-0.149598
-0.184670
-0.223298
-0.264451
-0.306691
-0.348219
-0.386951
-0.420641
-0.447029
-0.464004
-0.469770
-0.462989
-0.442889
-0.409330
-0.362826
-0.304515
-0.236095
-0.159761
-0.078409
0.000000
0.000000
