0.000000
0.000000
0.000000
0.000000
0.000000
0.000000
0.000000
0.000000
0.000000
0.000001
0.000001
0.000002
0.000004
0.000008
0.000016
0.000030
0.000055
0.000100
0.000178
0.000310
0.000531
0.000892
0.001469
0.002374
0.003761
0.005844
0.008905
0.013308
0.019506
0.028040
0.039536
0.054681
0.074193
0.098772
0.129038
0.165460
0.208283
0.257453
0.312564
0.372818
0.437018
0.503593
0.570653
0.636081
0.697638
0.753091
0.800343
0.837548
0.863221
0.876325
0.876325
0.863221
0.837548
0.800343
0.753091
0.697638
0.636081
0.570653
0.503593
0.437018
0.372818
0.312564
0.257453
0.208283
0.165460
0.129038
0.098772
0.074193
0.054681
0.039536
0.028040
0.019506
0.013308
0.008905
0.005844
0.003761
0.002374
0.001469
0.000892
0.000531
0.000310
0.000178
0.000100
0.000055
0.000030
0.000016
0.000008
0.000004
0.000002
0.000001
0.000001
0.000000
0.000000
0.000000
0.000000
0.000000
0.000000
0.000000
0.000000
0.000000
