0.000000
0.000000
0.001935
0.004319
0.007373
0.011474
0.017060
0.024620
0.034686
0.047814
0.064544
0.085347
0.110563
0.140323
0.174483
0.212558
0.253691
0.296644
0.339837
0.381428
0.419435
0.451889
0.477000
0.493321
0.499887
0.496309
0.482808
0.460200
0.429806
0.393330
0.352701
0.309901
0.266814
0.225095
0.186078
0.150728
0.119636
0.093045
0.070906
0.052945
0.038735
0.027768
0.019506
0.013430
0.009071
0.006025
0.003962
0.002627
0.001836
0.001469
0.001469
0.001836
0.002627
0.003962
0.006025
0.009071
0.013430
0.019506
0.027768
0.038735
0.052945
0.070906
0.093045
0.119636
0.150728
0.186078
0.225095
0.266814
0.309901
0.352701
0.393330
0.429806
0.460200
0.482808
0.496309
0.499887
0.493321
0.477000
0.451889
0.419435
0.381428
0.339837
0.296644
0.253691
0.212558
0.174483
0.140323
0.110563
0.085347
0.064544
0.047814
0.034686
0.024620
0.017060
0.011474
0.007373
0.004319
0.001935
0.000000
0.000000
