0.000000
0.000000
0.077498
0.156922
0.229516
0.291821
0.341461
0.376973
0.397839
0.404456
0.398029
0.380410
0.353887
0.320961
0.284137
0.245738
0.207766
0.171811
0.139018
0.110095
0.085357
0.064798
0.048174
0.035078
0.025019
0.017480
0.011965
0.008023
0.005271
0.003393
0.002141
0.001323
0.000801
0.000476
0.000277
0.000158
0.000088
0.000048
0.000026
0.000014
0.000007
0.000004
0.000002
0.000001
0.000000
0.000000
0.000000
0.000000
0.000000
0.000000
0.000000
0.000000
0.000000
0.000000
0.000000
0.000000
0.000001
0.000002
0.000004
0.000007
0.000014
0.000026
0.000048
0.000088
0.000158
0.000277
0.000476
0.000801
0.001323
0.002141
0.003393
0.005271
0.008023
0.011965
0.017480
0.025019
0.035078
0.048174
0.064798
0.085357
0.110095
0.139018
0.171811
0.207766
0.245738
0.284137
0.320961
0.353887
0.380410
0.398029
0.404456
0.397839
0.376973
0.341461
0.291821
0.229516
0.156922
0.077498
0.000000
0.000000
