0.000000
0.000000
0.034685
0.072617
0.112160
0.153570
0.196899
0.241782
0.287409
0.332547
0.375626
0.414863
0.448422
0.474590
0.491955
0.499548
0.496956
0.484367
0.462556
0.432811
0.396813
0.356479
0.313795
0.270661
0.228758
0.189450
0.153740
0.122248
0.095250
0.072718
0.054396
0.039869
0.028631
0.020144
0.013885
0.009376
0.006202
0.004019
0.002550
0.001585
0.000965
0.000575
0.000336
0.000192
0.000107
0.000059
0.000032
0.000017
0.000009
0.000006
0.000006
0.000009
0.000017
0.000032
0.000059
0.000107
0.000192
0.000336
0.000575
0.000965
0.001585
0.002550
0.004019
0.006202
0.009376
0.013885
0.020144
0.028631
0.039869
0.054396
0.072718
0.095250
0.122248
0.153740
0.189450
0.228758
0.270661
0.313795
0.356479
0.396813
0.432811
0.462556
0.484367
0.496956
0.499548
0.491955
0.474590
0.448422
0.414863
0.375626
0.332547
0.287409
0.241782
0.196899
0.153570
0.112160
0.072617
0.034685
0.000000
0.000000
