0.000000
0.000000
0.000620
0.001416
0.002502
0.004062
0.006328
0.009590
0.014204
0.020595
0.029248
0.040692
0.055469
0.074082
0.096941
0.124291
0.156139
0.192186
0.231778
0.273881
0.317097
0.359719
0.399829
0.435436
0.464639
0.485786
0.497638
0.499482
0.491206
0.473309
0.446851
0.413349
0.374633
0.332683
0.289461
0.246766
0.206118
0.168688
0.135267
0.106279
0.081820
0.061727
0.045643
0.033098
0.023567
0.016533
0.011520
0.008126
0.006040
0.005051
0.005051
0.006040
0.008126
0.011520
0.016533
0.023567
0.033098
0.045643
0.061727
0.081820
0.106279
0.135267
0.168688
0.206118
0.246766
0.289461
0.332683
0.374633
0.413349
0.446851
0.473309
0.491206
0.499482
0.497638
0.485786
0.464639
0.435436
0.399829
0.359719
0.317097
0.273881
0.231778
0.192186
0.156139
0.124291
0.096941
0.074082
0.055469
0.040692
0.029248
0.020595
0.014204
0.009590
0.006328
0.004062
0.002502
0.001416
0.000620
0.000000
0.000000
