0.000000
0.000000
-0.070100
-0.141597
-0.206265
-0.260778
-0.302942
-0.331541
-0.346350
-0.348069
-0.338170
-0.318695
-0.292014
-0.260591
-0.226774
-0.192629
-0.159835
-0.129627
-0.102800
-0.079750
-0.060540
-0.044982
-0.032720
-0.023304
-0.016255
-0.011106
-0.007433
-0.004874
-0.003131
-0.001971
-0.001216
-0.000736
-0.000436
-0.000254
-0.000144
-0.000081
-0.000044
-0.000024
-0.000013
-0.000006
-0.000003
-0.000002
-0.000001
-0.000000
-0.000000
-0.000000
-0.000000
-0.000000
-0.000000
-0.000000
-0.000000
-0.000000
-0.000000
-0.000000
-0.000000
-0.000000
-0.000000
-0.000001
-0.000002
-0.000003
-0.000006
-0.000013
-0.000024
-0.000044
-0.000081
-0.000144
-0.000254
-0.000436
-0.000736
-0.001216
-0.001971
-0.003131
-0.004874
-0.007433
-0.011106
-0.016255
-0.023304
-0.032720
-0.044982
-0.060540
-0.079750
-0.102800
-0.129627
-0.159835
-0.192629
-0.226774
-0.260591
-0.292014
-0.318695
-0.338170
-0.348069
-0.346350
-0.331541
-0.302942
-0.260778
-0.206265
-0.141597
-0.070100
0.000000
0.000000
