0.000000
0.000000
-0.073552
-0.148693
-0.216902
-0.274760
-0.319982
-0.351255
-0.368257
-0.371601
-0.362695
-0.343548
-0.316537
-0.284172
-0.248886
-0.212857
-0.177891
-0.145359
-0.116182
-0.090863
-0.069552
-0.052118
-0.038239
-0.027473
-0.019330
-0.013321
-0.008991
-0.005945
-0.003850
-0.002442
-0.001518
-0.000924
-0.000551
-0.000322
-0.000184
-0.000103
-0.000057
-0.000030
-0.000016
-0.000008
-0.000004
-0.000002
-0.000001
-0.000000
-0.000000
-0.000000
-0.000000
-0.000000
-0.000000
-0.000000
-0.000000
-0.000000
-0.000000
-0.000000
-0.000000
-0.000000
-0.000000
-0.000001
-0.000002
-0.000004
-0.000008
-0.000016
-0.000030
-0.000057
-0.000103
-0.000184
-0.000322
-0.000551
-0.000924
-0.001518
-0.002442
-0.003850
-0.005945
-0.008991
-0.013321
-0.019330
-0.027473
-0.038239
-0.052118
-0.069552
-0.090863
-0.116182
-0.145359
-0.177891
-0.212857
-0.248886
-0.284172
-0.316537
-0.343548
-0.362695
-0.371601
-0.368257
-0.351255
-0.319982
-0.274760
-0.216902
-0.148693
-0.073552
0.000000
0.000000
