0.000000
0.000000
0.000987
0.002234
0.003893
0.006215
0.009503
0.014123
0.020506
0.029141
0.040559
0.055301
0.073875
0.096690
0.123995
0.155799
0.191807
0.231367
0.273451
0.316664
0.359301
0.399445
0.435108
0.464383
0.485618
0.497568
0.499514
0.491338
0.473534
0.447154
0.413714
0.375040
0.333113
0.289894
0.247185
0.206510
0.169042
0.135577
0.106541
0.082034
0.061890
0.045755
0.033152
0.023552
0.016425
0.011278
0.007683
0.005292
0.003843
0.003162
0.003162
0.003843
0.005292
0.007683
0.011278
0.016425
0.023552
0.033152
0.045755
0.061890
0.082034
0.106541
0.135577
0.169042
0.206510
0.247185
0.289894
0.333113
0.375040
0.413714
0.447154
0.473534
0.491338
0.499514
0.497568
0.485618
0.464383
0.435108
0.399445
0.359301
0.316664
0.273451
0.231367
0.191807
0.155799
0.123995
0.096690
0.073875
0.055301
0.040559
0.029141
0.020506
0.014123
0.009503
0.006215
0.003893
0.002234
0.000987
0.000000
0.000000
