0.000000
0.000000
-0.000000
-0.000000
-0.000000
-0.000000
-0.000000
-0.000000
-0.000000
-0.000000
-0.000000
-0.000001
-0.000001
-0.000003
-0.000006
-0.000012
-0.000024
-0.000045
-0.000083
-0.000150
-0.000266
-0.000464
-0.000792
-0.001324
-0.002170
-0.003487
-0.005491
-0.008479
-0.012838
-0.019060
-0.027750
-0.039626
-0.055502
-0.076256
-0.102784
-0.135921
-0.176358
-0.224533
-0.280527
-0.343958
-0.413903
-0.488853
-0.566719
-0.644893
-0.720370
-0.789928
-0.850349
-0.898658
-0.932370
-0.949694
-0.949694
-0.932370
-0.898658
-0.850349
-0.789928
-0.720370
-0.644893
-0.566719
-0.488853
-0.413903
-0.343958
-0.280527
-0.224533
-0.176358
-0.135921
-0.102784
-0.076256
-0.055502
-0.039626
-0.027750
-0.019060
-0.012838
-0.008479
-0.005491
-0.003487
-0.002170
-0.001324
-0.000792
-0.000464
-0.000266
-0.000150
-0.000083
-0.000045
-0.000024
-0.000012
-0.000006
-0.000003
-0.000001
-0.000001
-0.000000
-0.000000
-0.000000
-0.000000
-0.000000
-0.000000
-0.000000
-0.000000
-0.000000
0.000000
0.000000
