0.000000
0.000000
-0.000416
-0.000958
-0.001713
-0.002822
-0.004467
-0.006881
-0.010360
-0.015272
-0.022048
-0.031183
-0.043209
-0.058660
-0.078027
-0.101693
-0.129862
-0.162490
-0.199217
-0.239323
-0.281709
-0.324920
-0.367205
-0.406627
-0.441202
-0.469061
-0.488617
-0.498713
-0.498739
-0.488687
-0.469160
-0.441306
-0.406709
-0.367240
-0.324889
-0.281604
-0.239145
-0.198976
-0.162205
-0.129557
-0.101393
-0.077761
-0.058456
-0.043101
-0.031217
-0.022289
-0.015824
-0.011385
-0.008626
-0.007307
-0.007307
-0.008626
-0.011385
-0.015824
-0.022289
-0.031217
-0.043101
-0.058456
-0.077761
-0.101393
-0.129557
-0.162205
-0.198976
-0.239145
-0.281604
-0.324889
-0.367240
-0.406709
-0.441306
-0.469160
-0.488687
-0.498739
-0.498713
-0.488617
-0.469061
-0.441202
-0.406627
-0.367205
-0.324920
-0.281709
-0.239323
-0.199217
-0.162490
-0.129862
-0.101693
-0.078027
-0.058660
-0.043209
-0.031183
-0.022048
-0.015272
-0.010360
-0.006881
-0.004467
-0.002822
-0.001713
-0.000958
-0.000416
0.000000
0.000000
