0.000000
0.000000
-0.000002
-0.000005
-0.000011
-0.000021
-0.000039
-0.000073
-0.000131
-0.000233
-0.000405
-0.000688
-0.001146
-0.001869
-0.002985
-0.004669
-0.007156
-0.010743
-0.015800
-0.022766
-0.032137
-0.044449
-0.060233
-0.079973
-0.104039
-0.132616
-0.165635
-0.202703
-0.243069
-0.285598
-0.328808
-0.370927
-0.410011
-0.444085
-0.471309
-0.490143
-0.499503
-0.498868
-0.488345
-0.468674
-0.441166
-0.407604
-0.370098
-0.330926
-0.292379
-0.256621
-0.225578
-0.200852
-0.183675
-0.174878
-0.174878
-0.183675
-0.200852
-0.225578
-0.256621
-0.292379
-0.330926
-0.370098
-0.407604
-0.441166
-0.468674
-0.488345
-0.498868
-0.499503
-0.490143
-0.471309
-0.444085
-0.410011
-0.370927
-0.328808
-0.285598
-0.243069
-0.202703
-0.165635
-0.132616
-0.104039
-0.079973
-0.060233
-0.044449
-0.032137
-0.022766
-0.015800
-0.010743
-0.007156
-0.004669
-0.002985
-0.001869
-0.001146
-0.000688
-0.000405
-0.000233
-0.000131
-0.000073
-0.000039
-0.000021
-0.000011
-0.000005
-0.000002
0.000000
0.000000
