0.000000
0.000000
-0.076214
-0.155585
-0.230644
-0.298766
-0.357901
-0.406355
-0.442865
-0.466678
-0.477611
-0.476078
-0.463062
-0.440051
-0.408920
-0.371793
-0.330876
-0.288306
-0.246010
-0.205600
-0.168309
-0.134970
-0.106033
-0.081608
-0.061537
-0.045464
-0.032911
-0.023343
-0.016224
-0.011050
-0.007375
-0.004824
-0.003093
-0.001944
-0.001197
-0.000723
-0.000428
-0.000248
-0.000141
-0.000079
-0.000043
-0.000023
-0.000012
-0.000006
-0.000003
-0.000002
-0.000001
-0.000000
-0.000000
-0.000000
-0.000000
-0.000000
-0.000000
-0.000001
-0.000002
-0.000003
-0.000006
-0.000012
-0.000023
-0.000043
-0.000079
-0.000141
-0.000248
-0.000428
-0.000723
-0.001197
-0.001944
-0.003093
-0.004824
-0.007375
-0.011050
-0.016224
-0.023343
-0.032911
-0.045464
-0.061537
-0.081608
-0.106033
-0.134970
-0.168309
-0.205600
-0.246010
-0.288306
-0.330876
-0.371793
-0.408920
-0.440051
-0.463062
-0.476078
-0.477611
-0.466678
-0.442865
-0.406355
-0.357901
-0.298766
-0.230644
-0.155585
-0.076214
0.000000
0.000000
