0.000000
0.000000
0.021462
0.045471
0.071576
0.100482
0.132722
0.168494
0.207593
0.249379
0.292783
0.336348
0.378318
0.416763
0.449739
0.475458
0.492458
0.499742
0.496883
0.484062
0.462057
0.432158
0.396048
0.355644
0.312931
0.269806
0.227942
0.188699
0.153067
0.121665
0.094757
0.072312
0.054071
0.039615
0.028436
0.019999
0.013779
0.009301
0.006150
0.003983
0.002527
0.001570
0.000955
0.000569
0.000332
0.000190
0.000107
0.000060
0.000035
0.000025
0.000025
0.000035
0.000060
0.000107
0.000190
0.000332
0.000569
0.000955
0.001570
0.002527
0.003983
0.006150
0.009301
0.013779
0.019999
0.028436
0.039615
0.054071
0.072312
0.094757
0.121665
0.153067
0.188699
0.227942
0.269806
0.312931
0.355644
0.396048
0.432158
0.462057
0.484062
0.496883
0.499742
0.492458
0.475458
0.449739
0.416763
0.378318
0.336348
0.292783
0.249379
0.207593
0.168494
0.132722
0.100482
0.071576
0.045471
0.021462
0.000000
0.000000
