0.000000
0.000000
-0.000001
-0.000002
-0.000004
-0.000008
-0.000016
-0.000031
-0.000057
-0.000104
-0.000184
-0.000322
-0.000550
-0.000921
-0.001511
-0.002432
-0.003836
-0.005928
-0.008978
-0.013325
-0.019377
-0.027612
-0.038552
-0.052741
-0.070694
-0.092845
-0.119470
-0.150621
-0.186054
-0.225173
-0.267005
-0.310208
-0.353121
-0.393858
-0.430448
-0.460989
-0.483829
-0.497723
-0.501973
-0.496513
-0.481939
-0.459480
-0.430908
-0.398401
-0.364379
-0.331322
-0.301596
-0.277294
-0.260104
-0.251205
-0.251205
-0.260104
-0.277294
-0.301596
-0.331322
-0.364379
-0.398401
-0.430908
-0.459480
-0.481939
-0.496513
-0.501973
-0.497723
-0.483829
-0.460989
-0.430448
-0.393858
-0.353121
-0.310208
-0.267005
-0.225173
-0.186054
-0.150621
-0.119470
-0.092845
-0.070694
-0.052741
-0.038552
-0.027612
-0.019377
-0.013325
-0.008978
-0.005928
-0.003836
-0.002432
-0.001511
-0.000921
-0.000550
-0.000322
-0.000184
-0.000104
-0.000057
-0.000031
-0.000016
-0.000008
-0.000004
-0.000002
-0.000001
0.000000
0.000000
