0.000000
0.000000
0.071527
0.144525
0.210639
0.266502
0.309883
0.339527
0.355173
0.357490
0.347932
0.328533
0.301670
0.269830
0.235397
0.200484
0.166818
0.135687
0.107936
0.084000
0.063974
0.047692
0.034808
0.024876
0.017410
0.011934
0.008013
0.005271
0.003396
0.002144
0.001326
0.000804
0.000477
0.000278
0.000158
0.000089
0.000049
0.000026
0.000014
0.000007
0.000004
0.000002
0.000001
0.000000
0.000000
0.000000
0.000000
0.000000
0.000000
0.000000
0.000000
0.000000
0.000000
0.000000
0.000000
0.000000
0.000000
0.000001
0.000002
0.000004
0.000007
0.000014
0.000026
0.000049
0.000089
0.000158
0.000278
0.000477
0.000804
0.001326
0.002144
0.003396
0.005271
0.008013
0.011934
0.017410
0.024876
0.034808
0.047692
0.063974
0.084000
0.107936
0.135687
0.166818
0.200484
0.235397
0.269830
0.301670
0.328533
0.347932
0.357490
0.355173
0.339527
0.309883
0.266502
0.210639
0.144525
0.071527
0.000000
0.000000
