0.000000
0.000000
0.000034
0.000083
0.000158
0.000282
0.000486
0.000817
0.001347
0.002177
0.003448
0.005353
0.008144
0.012145
0.017748
0.025415
0.035664
0.049037
0.066064
0.087203
0.112778
0.142898
0.177394
0.215752
0.257083
0.300119
0.343256
0.384635
0.422269
0.454197
0.478650
0.494218
0.499977
0.495588
0.481323
0.458042
0.427107
0.390252
0.349421
0.306609
0.263708
0.222383
0.183990
0.149539
0.119700
0.094840
0.075092
0.060431
0.050754
0.045950
0.045950
0.050754
0.060431
0.075092
0.094840
0.119700
0.149539
0.183990
0.222383
0.263708
0.306609
0.349421
0.390252
0.427107
0.458042
0.481323
0.495588
0.499977
0.494218
0.478650
0.454197
0.422269
0.384635
0.343256
0.300119
0.257083
0.215752
0.177394
0.142898
0.112778
0.087203
0.066064
0.049037
0.035664
0.025415
0.017748
0.012145
0.008144
0.005353
0.003448
0.002177
0.001347
0.000817
0.000486
0.000282
0.000158
0.000083
0.000034
0.000000
0.000000
