0.000000
0.000000
0.005686
0.011445
0.016575
0.020785
0.023893
0.025813
0.026558
0.026223
0.024973
0.023013
0.020571
0.017865
0.015092
0.012415
0.009951
0.007776
0.005926
0.004405
0.003196
0.002262
0.001563
0.001054
0.000693
0.000445
0.000279
0.000170
0.000102
0.000059
0.000033
0.000018
0.000010
0.000005
0.000003
0.000001
0.000001
0.000000
0.000000
0.000000
0.000000
0.000000
0.000000
0.000000
-0.000000
-0.000000
-0.000000
-0.000000
0.000000
0.000000
0.000000
0.000000
-0.000000
-0.000000
-0.000000
-0.000000
0.000000
0.000000
0.000000
0.000000
0.000000
0.000000
0.000000
0.000001
0.000001
0.000003
0.000005
0.000010
0.000018
0.000033
0.000059
0.000102
0.000170
0.000279
0.000445
0.000693
0.001054
0.001563
0.002262
0.003196
0.004405
0.005926
0.007776
0.009951
0.012415
0.015092
0.017865
0.020571
0.023013
0.024973
0.026223
0.026558
0.025813
0.023893
0.020785
0.016575
0.011445
0.005686
0.000000
0.000000
