0.000000
0.000000
0.066704
0.136984
0.205066
0.269218
0.327934
0.379705
0.423082
0.456785
0.479825
0.491627
0.492111
0.481737
0.461494
0.432836
0.397563
0.357683
0.315251
0.272218
0.230304
0.190910
0.155063
0.123407
0.096234
0.073531
0.055050
0.040382
0.029023
0.020436
0.014098
0.009528
0.006308
0.004091
0.002598
0.001617
0.000985
0.000588
0.000343
0.000196
0.000110
0.000060
0.000032
0.000017
0.000009
0.000004
0.000002
0.000001
0.000001
0.000000
0.000000
0.000001
0.000001
0.000002
0.000004
0.000009
0.000017
0.000032
0.000060
0.000110
0.000196
0.000343
0.000588
0.000985
0.001617
0.002598
0.004091
0.006308
0.009528
0.014098
0.020436
0.029023
0.040382
0.055050
0.073531
0.096234
0.123407
0.155063
0.190910
0.230304
0.272218
0.315251
0.357683
0.397563
0.432836
0.461494
0.481737
0.492111
0.491627
0.479825
0.456785
0.423082
0.379705
0.327934
0.269218
0.205066
0.136984
0.066704
0.000000
0.000000
