0.000000
0.000000
0.000000
0.000000
0.000000
0.000000
0.000001
0.000002
0.000004
0.000008
0.000015
0.000029
0.000053
0.000097
0.000172
0.000300
0.000513
0.000861
0.001416
0.002282
0.003607
0.005588
0.008486
0.012629
0.018419
0.026327
0.036875
0.050613
0.068073
0.089717
0.115870
0.146651
0.181906
0.221158
0.263583
0.308023
0.353040
0.397012
0.438273
0.475271
0.506728
0.531788
0.550123
0.561970
0.568111
0.569765
0.568429
0.565674
0.562924
0.561258
0.561258
0.562924
0.565674
0.568429
0.569765
0.568111
0.561970
0.550123
0.531788
0.506728
0.475271
0.438273
0.397012
0.353040
0.308023
0.263583
0.221158
0.181906
0.146651
0.115870
0.089717
0.068073
0.050613
0.036875
0.026327
0.018419
0.012629
0.008486
0.005588
0.003607
0.002282
0.001416
0.000861
0.000513
0.000300
0.000172
0.000097
0.000053
0.000029
0.000015
0.000008
0.000004
0.000002
0.000001
0.000000
0.000000
0.000000
0.000000
0.000000
0.000000
