0.000000
0.000000
-0.076677
-0.155203
-0.226864
-0.288201
-0.336856
-0.371395
-0.391342
-0.397144
-0.390057
-0.371975
-0.345216
-0.312295
-0.275711
-0.237762
-0.200412
-0.165205
-0.133233
-0.105156
-0.081244
-0.061458
-0.045526
-0.033030
-0.023473
-0.016342
-0.011146
-0.007449
-0.004878
-0.003131
-0.001969
-0.001214
-0.000734
-0.000435
-0.000253
-0.000144
-0.000080
-0.000044
-0.000024
-0.000012
-0.000006
-0.000003
-0.000002
-0.000001
-0.000000
-0.000000
-0.000000
-0.000000
-0.000000
-0.000000
-0.000000
-0.000000
-0.000000
-0.000000
-0.000000
-0.000000
-0.000001
-0.000002
-0.000003
-0.000006
-0.000012
-0.000024
-0.000044
-0.000080
-0.000144
-0.000253
-0.000435
-0.000734
-0.001214
-0.001969
-0.003131
-0.004878
-0.007449
-0.011146
-0.016342
-0.023473
-0.033030
-0.045526
-0.061458
-0.081244
-0.105156
-0.133233
-0.165205
-0.200412
-0.237762
-0.275711
-0.312295
-0.345216
-0.371975
-0.390057
-0.397144
-0.391342
-0.371395
-0.336856
-0.288201
-0.226864
-0.155203
-0.076677
0.000000
0.000000
