0.000000
0.000000
-0.000000
-0.000000
-0.000000
-0.000001
-0.000001
-0.000003
-0.000006
-0.000011
-0.000021
-0.000041
-0.000075
-0.000135
-0.000240
-0.000416
-0.000707
-0.001175
-0.001914
-0.003054
-0.004773
-0.007307
-0.010959
-0.016101
-0.023177
-0.032687
-0.045168
-0.061155
-0.081134
-0.105475
-0.134369
-0.167754
-0.205261
-0.246173
-0.289420
-0.333618
-0.377147
-0.418270
-0.455291
-0.486723
-0.511457
-0.528893
-0.539034
-0.542503
-0.540488
-0.534613
-0.526751
-0.518798
-0.512434
-0.508916
-0.508916
-0.512434
-0.518798
-0.526751
-0.534613
-0.540488
-0.542503
-0.539034
-0.528893
-0.511457
-0.486723
-0.455291
-0.418270
-0.377147
-0.333618
-0.289420
-0.246173
-0.205261
-0.167754
-0.134369
-0.105475
-0.081134
-0.061155
-0.045168
-0.032687
-0.023177
-0.016101
-0.010959
-0.007307
-0.004773
-0.003054
-0.001914
-0.001175
-0.000707
-0.000416
-0.000240
-0.000135
-0.000075
-0.000041
-0.000021
-0.000011
-0.000006
-0.000003
-0.000001
-0.000001
-0.000000
-0.000000
-0.000000
0.000000
0.000000
