0.000000
0.000000
0.066710
0.134652
0.195914
0.247282
0.286662
0.312936
0.325965
0.326514
0.316092
0.296736
0.270772
0.240586
0.208415
0.176203
0.145497
0.117411
0.092638
0.071491
0.053979
0.039885
0.028846
0.020423
0.014156
0.009608
0.006385
0.004154
0.002647
0.001651
0.001009
0.000603
0.000353
0.000202
0.000114
0.000062
0.000033
0.000018
0.000009
0.000005
0.000002
0.000001
0.000001
0.000000
0.000000
0.000000
0.000000
0.000000
0.000000
0.000000
0.000000
0.000000
0.000000
0.000000
0.000000
0.000000
0.000000
0.000001
0.000001
0.000002
0.000005
0.000009
0.000018
0.000033
0.000062
0.000114
0.000202
0.000353
0.000603
0.001009
0.001651
0.002647
0.004154
0.006385
0.009608
0.014156
0.020423
0.028846
0.039885
0.053979
0.071491
0.092638
0.117411
0.145497
0.176203
0.208415
0.240586
0.270772
0.296736
0.316092
0.326514
0.325965
0.312936
0.286662
0.247282
0.195914
0.134652
0.066710
0.000000
0.000000
