0.000000
0.000000
-0.000000
-0.000000
-0.000000
-0.000000
-0.000000
-0.000001
-0.000001
-0.000003
-0.000006
-0.000011
-0.000022
-0.000041
-0.000076
-0.000137
-0.000243
-0.000421
-0.000714
-0.001188
-0.001934
-0.003085
-0.004820
-0.007377
-0.011063
-0.016254
-0.023400
-0.033011
-0.045637
-0.061833
-0.082115
-0.106898
-0.136433
-0.170747
-0.209587
-0.252388
-0.298272
-0.346082
-0.394452
-0.441912
-0.487016
-0.528469
-0.565251
-0.596698
-0.622534
-0.642856
-0.658053
-0.668689
-0.675361
-0.678558
-0.678558
-0.675361
-0.668689
-0.658053
-0.642856
-0.622534
-0.596698
-0.565251
-0.528469
-0.487016
-0.441912
-0.394452
-0.346082
-0.298272
-0.252388
-0.209587
-0.170747
-0.136433
-0.106898
-0.082115
-0.061833
-0.045637
-0.033011
-0.023400
-0.016254
-0.011063
-0.007377
-0.004820
-0.003085
-0.001934
-0.001188
-0.000714
-0.000421
-0.000243
-0.000137
-0.000076
-0.000041
-0.000022
-0.000011
-0.000006
-0.000003
-0.000001
-0.000001
-0.000000
-0.000000
-0.000000
-0.000000
-0.000000
0.000000
0.000000
