0.000000
0.000000
0.004300
0.009441
0.015715
0.023699
0.034007
0.047253
0.064018
0.084803
0.109967
0.139659
0.173745
0.211756
0.252842
0.295774
0.338980
0.380623
0.418721
0.451304
0.476578
0.493087
0.499855
0.496480
0.483172
0.460735
0.430481
0.394109
0.353543
0.310767
0.267668
0.225907
0.186825
0.151395
0.120213
0.093532
0.071305
0.053264
0.038984
0.027955
0.019640
0.013519
0.009117
0.006024
0.003903
0.002484
0.001562
0.000987
0.000657
0.000507
0.000507
0.000657
0.000987
0.001562
0.002484
0.003903
0.006024
0.009117
0.013519
0.019640
0.027955
0.038984
0.053264
0.071305
0.093532
0.120213
0.151395
0.186825
0.225907
0.267668
0.310767
0.353543
0.394109
0.430481
0.460735
0.483172
0.496480
0.499855
0.493087
0.476578
0.451304
0.418721
0.380623
0.338980
0.295774
0.252842
0.211756
0.173745
0.139659
0.109967
0.084803
0.064018
0.047253
0.034007
0.023699
0.015715
0.009441
0.004300
0.000000
0.000000
