0.000000
0.000000
0.000078
0.000185
0.000347
0.000604
0.001016
0.001667
0.002675
0.004204
0.006474
0.009765
0.014432
0.020899
0.029650
0.041216
0.056136
0.074911
0.097946
0.125479
0.157503
0.193707
0.233423
0.275600
0.318828
0.361388
0.401356
0.436743
0.465652
0.486447
0.497907
0.499344
0.490669
0.472405
0.445634
0.411889
0.373012
0.330985
0.287771
0.245167
0.204689
0.167511
0.134437
0.105917
0.082099
0.062899
0.048081
0.037341
0.030380
0.026964
0.026964
0.030380
0.037341
0.048081
0.062899
0.082099
0.105917
0.134437
0.167511
0.204689
0.245167
0.287771
0.330985
0.373012
0.411889
0.445634
0.472405
0.490669
0.499344
0.497907
0.486447
0.465652
0.436743
0.401356
0.361388
0.318828
0.275600
0.233423
0.193707
0.157503
0.125479
0.097946
0.074911
0.056136
0.041216
0.029650
0.020899
0.014432
0.009765
0.006474
0.004204
0.002675
0.001667
0.001016
0.000604
0.000347
0.000185
0.000078
0.000000
0.000000
