0.000000
0.000000
0.000000
0.000000
0.000000
0.000000
0.000000
0.000000
0.000000
0.000000
0.000000
0.000000
0.000001
0.000001
0.000003
0.000005
0.000011
0.000021
0.000040
0.000076
0.000139
0.000252
0.000446
0.000773
0.001315
0.002189
0.003573
0.005713
0.008950
0.013737
0.020660
0.030445
0.043957
0.062184
0.086192
0.117056
0.155760
0.203077
0.259419
0.324700
0.398199
0.478472
0.563314
0.649806
0.734437
0.813324
0.882492
0.938201
0.977281
0.997428
0.997428
0.977281
0.938201
0.882492
0.813324
0.734437
0.649806
0.563314
0.478472
0.398199
0.324700
0.259419
0.203077
0.155760
0.117056
0.086192
0.062184
0.043957
0.030445
0.020660
0.013737
0.008950
0.005713
0.003573
0.002189
0.001315
0.000773
0.000446
0.000252
0.000139
0.000076
0.000040
0.000021
0.000011
0.000005
0.000003
0.000001
0.000001
0.000000
0.000000
0.000000
0.000000
0.000000
0.000000
0.000000
0.000000
0.000000
0.000000
0.000000
0.000000
