0.000000
0.000000
0.001539
0.003451
0.005933
0.009315
0.013984
0.020384
0.029016
0.040415
0.055128
0.073665
0.096439
0.123699
0.155459
0.191427
0.230957
0.273022
0.316231
0.358882
0.399062
0.434779
0.464127
0.485450
0.497497
0.499545
0.491470
0.473757
0.447457
0.414078
0.375447
0.333542
0.290327
0.247605
0.206903
0.169398
0.135890
0.106808
0.082254
0.062066
0.045889
0.033246
0.023605
0.016431
0.011224
0.007544
0.005026
0.003381
0.002398
0.001941
0.001941
0.002398
0.003381
0.005026
0.007544
0.011224
0.016431
0.023605
0.033246
0.045889
0.062066
0.082254
0.106808
0.135890
0.169398
0.206903
0.247605
0.290327
0.333542
0.375447
0.414078
0.447457
0.473757
0.491470
0.499545
0.497497
0.485450
0.464127
0.434779
0.399062
0.358882
0.316231
0.273022
0.230957
0.191427
0.155459
0.123699
0.096439
0.073665
0.055128
0.040415
0.029016
0.020384
0.013984
0.009315
0.005933
0.003451
0.001539
0.000000
0.000000
