0.000000
0.000000
-0.005465
-0.011936
-0.019704
-0.029408
-0.041705
-0.057222
-0.076514
-0.100016
-0.127973
-0.160373
-0.196888
-0.236828
-0.279119
-0.322328
-0.364722
-0.404373
-0.439294
-0.467605
-0.487698
-0.498387
-0.499025
-0.489569
-0.470585
-0.443190
-0.408947
-0.369714
-0.327479
-0.284197
-0.241641
-0.201297
-0.164294
-0.131379
-0.102932
-0.079014
-0.059428
-0.043795
-0.031623
-0.022375
-0.015513
-0.010540
-0.007018
-0.004581
-0.002934
-0.001846
-0.001149
-0.000719
-0.000474
-0.000364
-0.000364
-0.000474
-0.000719
-0.001149
-0.001846
-0.002934
-0.004581
-0.007018
-0.010540
-0.015513
-0.022375
-0.031623
-0.043795
-0.059428
-0.079014
-0.102932
-0.131379
-0.164294
-0.201297
-0.241641
-0.284197
-0.327479
-0.369714
-0.408947
-0.443190
-0.470585
-0.489569
-0.499025
-0.498387
-0.487698
-0.467605
-0.439294
-0.404373
-0.364722
-0.322328
-0.279119
-0.236828
-0.196888
-0.160373
-0.127973
-0.100016
-0.076514
-0.057222
-0.041705
-0.029408
-0.019704
-0.011936
-0.005465
0.000000
0.000000
