0.000000
0.000000
-0.000008
-0.000019
-0.000038
-0.000071
-0.000130
-0.000230
-0.000400
-0.000681
-0.001134
-0.001851
-0.002957
-0.004629
-0.007097
-0.010658
-0.015682
-0.022605
-0.031924
-0.044171
-0.059880
-0.079537
-0.103514
-0.132001
-0.164932
-0.201925
-0.242233
-0.284730
-0.327937
-0.370088
-0.409237
-0.443403
-0.470732
-0.489665
-0.499084
-0.498426
-0.487737
-0.467675
-0.439450
-0.404709
-0.365396
-0.323586
-0.281340
-0.240565
-0.202924
-0.169783
-0.142198
-0.120935
-0.106505
-0.099219
-0.099219
-0.106505
-0.120935
-0.142198
-0.169783
-0.202924
-0.240565
-0.281340
-0.323586
-0.365396
-0.404709
-0.439450
-0.467675
-0.487737
-0.498426
-0.499084
-0.489665
-0.470732
-0.443403
-0.409237
-0.370088
-0.327937
-0.284730
-0.242233
-0.201925
-0.164932
-0.132001
-0.103514
-0.079537
-0.059880
-0.044171
-0.031924
-0.022605
-0.015682
-0.010658
-0.007097
-0.004629
-0.002957
-0.001851
-0.001134
-0.000681
-0.000400
-0.000230
-0.000130
-0.000071
-0.000038
-0.000019
-0.000008
0.000000
0.000000
