0.000000
0.000000
0.000000
0.000000
0.000000
0.000001
0.000001
0.000003
0.000005
0.000010
0.000020
0.000037
0.000068
0.000123
0.000219
0.000380
0.000646
0.001077
0.001760
0.002816
0.004414
0.006781
0.010205
0.015049
0.021744
0.030783
0.042700
0.058038
0.077297
0.100877
0.129007
0.161681
0.198588
0.239078
0.282151
0.326480
0.370491
0.412475
0.450737
0.483767
0.510402
0.529972
0.542384
0.548158
0.548371
0.544541
0.538444
0.531891
0.526498
0.523477
0.523477
0.526498
0.531891
0.538444
0.544541
0.548371
0.548158
0.542384
0.529972
0.510402
0.483767
0.450737
0.412475
0.370491
0.326480
0.282151
0.239078
0.198588
0.161681
0.129007
0.100877
0.077297
0.058038
0.042700
0.030783
0.021744
0.015049
0.010205
0.006781
0.004414
0.002816
0.001760
0.001077
0.000646
0.000380
0.000219
0.000123
0.000068
0.000037
0.000020
0.000010
0.000005
0.000003
0.000001
0.000001
0.000000
0.000000
0.000000
0.000000
0.000000
