0.000000
0.000000
-0.059977
-0.120946
-0.175687
-0.221248
-0.255731
-0.278170
-0.288527
-0.287607
-0.276897
-0.258352
-0.234164
-0.206540
-0.177516
-0.148820
-0.121793
-0.097363
-0.076068
-0.058108
-0.043415
-0.031736
-0.022703
-0.015898
-0.010899
-0.007317
-0.004811
-0.003099
-0.001955
-0.001209
-0.000732
-0.000435
-0.000253
-0.000144
-0.000081
-0.000044
-0.000024
-0.000013
-0.000007
-0.000003
-0.000002
-0.000001
-0.000000
-0.000000
-0.000000
-0.000000
-0.000000
-0.000000
-0.000000
-0.000000
-0.000000
-0.000000
-0.000000
-0.000000
-0.000000
-0.000000
-0.000000
-0.000000
-0.000001
-0.000002
-0.000003
-0.000007
-0.000013
-0.000024
-0.000044
-0.000081
-0.000144
-0.000253
-0.000435
-0.000732
-0.001209
-0.001955
-0.003099
-0.004811
-0.007317
-0.010899
-0.015898
-0.022703
-0.031736
-0.043415
-0.058108
-0.076068
-0.097363
-0.121793
-0.148820
-0.177516
-0.206540
-0.234164
-0.258352
-0.276897
-0.287607
-0.288527
-0.278170
-0.255731
-0.221248
-0.175687
-0.120946
-0.059977
0.000000
0.000000
