0.000000
0.000000
-0.074140
-0.151578
-0.225259
-0.292782
-0.352227
-0.401928
-0.440548
-0.467174
-0.481392
-0.483345
-0.473736
-0.453794
-0.425180
-0.389868
-0.349990
-0.307680
-0.264927
-0.223454
-0.184638
-0.149469
-0.118548
-0.092122
-0.070139
-0.052323
-0.038243
-0.027387
-0.019216
-0.013210
-0.008898
-0.005871
-0.003796
-0.002404
-0.001492
-0.000907
-0.000540
-0.000315
-0.000180
-0.000101
-0.000055
-0.000030
-0.000016
-0.000008
-0.000004
-0.000002
-0.000001
-0.000000
-0.000000
-0.000000
-0.000000
-0.000000
-0.000000
-0.000001
-0.000002
-0.000004
-0.000008
-0.000016
-0.000030
-0.000055
-0.000101
-0.000180
-0.000315
-0.000540
-0.000907
-0.001492
-0.002404
-0.003796
-0.005871
-0.008898
-0.013210
-0.019216
-0.027387
-0.038243
-0.052323
-0.070139
-0.092122
-0.118548
-0.149469
-0.184638
-0.223454
-0.264927
-0.307680
-0.349990
-0.389868
-0.425180
-0.453794
-0.473736
-0.483345
-0.481392
-0.467174
-0.440548
-0.401928
-0.352227
-0.292782
-0.225259
-0.151578
-0.074140
0.000000
0.000000
