0.000000
0.000000
-0.000085
-0.000203
-0.000380
-0.000661
-0.001109
-0.001814
-0.002903
-0.004548
-0.006979
-0.010490
-0.015448
-0.022286
-0.031499
-0.043619
-0.059181
-0.078672
-0.102470
-0.130776
-0.163534
-0.200376
-0.240569
-0.283003
-0.326213
-0.368442
-0.407747
-0.442147
-0.469778
-0.489063
-0.498863
-0.498582
-0.488234
-0.468438
-0.440357
-0.405588
-0.366009
-0.323613
-0.280346
-0.237967
-0.197941
-0.161379
-0.129017
-0.101247
-0.078160
-0.059627
-0.045377
-0.035082
-0.028426
-0.025164
-0.025164
-0.028426
-0.035082
-0.045377
-0.059627
-0.078160
-0.101247
-0.129017
-0.161379
-0.197941
-0.237967
-0.280346
-0.323613
-0.366009
-0.405588
-0.440357
-0.468438
-0.488234
-0.498582
-0.498863
-0.489063
-0.469778
-0.442147
-0.407747
-0.368442
-0.326213
-0.283003
-0.240569
-0.200376
-0.163534
-0.130776
-0.102470
-0.078672
-0.059181
-0.043619
-0.031499
-0.022286
-0.015448
-0.010490
-0.006979
-0.004548
-0.002903
-0.001814
-0.001109
-0.000661
-0.000380
-0.000203
-0.000085
0.000000
0.000000
