0.000000
0.000000
0.079112
0.160353
0.234928
0.299402
0.351380
0.389328
0.412613
0.421487
0.417004
0.400876
0.375285
0.342673
0.305537
0.266244
0.226883
0.189162
0.154358
0.123311
0.096459
0.073894
0.055443
0.040747
0.029333
0.020685
0.014289
0.009669
0.006409
0.004161
0.002646
0.001648
0.001005
0.000600
0.000351
0.000201
0.000113
0.000062
0.000033
0.000017
0.000009
0.000004
0.000002
0.000001
0.000000
0.000000
0.000000
0.000000
0.000000
0.000000
0.000000
0.000000
0.000000
0.000000
0.000000
0.000000
0.000001
0.000002
0.000004
0.000009
0.000017
0.000033
0.000062
0.000113
0.000201
0.000351
0.000600
0.001005
0.001648
0.002646
0.004161
0.006409
0.009669
0.014289
0.020685
0.029333
0.040747
0.055443
0.073894
0.096459
0.123311
0.154358
0.189162
0.226883
0.266244
0.305537
0.342673
0.375285
0.400876
0.417004
0.421487
0.412613
0.389328
0.351380
0.299402
0.234928
0.160353
0.079112
0.000000
0.000000
