0.000000
0.000000
-0.000000
-0.000000
-0.000000
-0.000000
-0.000001
-0.000001
-0.000002
-0.000004
-0.000009
-0.000017
-0.000032
-0.000059
-0.000107
-0.000190
-0.000331
-0.000564
-0.000945
-0.001549
-0.002491
-0.003924
-0.006059
-0.009168
-0.013595
-0.019756
-0.028134
-0.039260
-0.053691
-0.071958
-0.094517
-0.121682
-0.153557
-0.189979
-0.230468
-0.274217
-0.320106
-0.366765
-0.412673
-0.456289
-0.496196
-0.531247
-0.560681
-0.584194
-0.601952
-0.614533
-0.622814
-0.627810
-0.630493
-0.631626
-0.631626
-0.630493
-0.627810
-0.622814
-0.614533
-0.601952
-0.584194
-0.560681
-0.531247
-0.496196
-0.456289
-0.412673
-0.366765
-0.320106
-0.274217
-0.230468
-0.189979
-0.153557
-0.121682
-0.094517
-0.071958
-0.053691
-0.039260
-0.028134
-0.019756
-0.013595
-0.009168
-0.006059
-0.003924
-0.002491
-0.001549
-0.000945
-0.000564
-0.000331
-0.000190
-0.000107
-0.000059
-0.000032
-0.000017
-0.000009
-0.000004
-0.000002
-0.000001
-0.000001
-0.000000
-0.000000
-0.000000
-0.000000
0.000000
0.000000
