0.000000
0.000000
0.000044
0.000106
0.000201
0.000357
0.000612
0.001024
0.001676
0.002688
0.004223
0.006501
0.009804
0.014487
0.020974
0.029751
0.041347
0.056303
0.075119
0.098199
0.125776
0.157845
0.194088
0.233835
0.276031
0.319261
0.361804
0.401737
0.437068
0.465903
0.486611
0.497973
0.499308
0.490534
0.472181
0.445336
0.411538
0.372632
0.330608
0.287433
0.244912
0.204577
0.167620
0.134878
0.106846
0.083737
0.065547
0.052146
0.043351
0.039001
0.039001
0.043351
0.052146
0.065547
0.083737
0.106846
0.134878
0.167620
0.204577
0.244912
0.287433
0.330608
0.372632
0.411538
0.445336
0.472181
0.490534
0.499308
0.497973
0.486611
0.465903
0.437068
0.401737
0.361804
0.319261
0.276031
0.233835
0.194088
0.157845
0.125776
0.098199
0.075119
0.056303
0.041347
0.029751
0.020974
0.014487
0.009804
0.006501
0.004223
0.002688
0.001676
0.001024
0.000612
0.000357
0.000201
0.000106
0.000044
0.000000
0.000000
