0.000000
0.000000
0.001257
0.002830
0.004895
0.007742
0.011721
0.017241
0.024773
0.034838
0.047982
0.064741
0.085583
0.110841
0.140645
0.174846
0.212957
0.254115
0.297079
0.340265
0.381830
0.419791
0.452180
0.477209
0.493436
0.499902
0.496222
0.482625
0.459931
0.429467
0.392940
0.352279
0.309468
0.266387
0.224690
0.185705
0.150396
0.119349
0.092803
0.070708
0.052788
0.038617
0.027684
0.019456
0.013418
0.009106
0.006125
0.004160
0.002979
0.002426
0.002426
0.002979
0.004160
0.006125
0.009106
0.013418
0.019456
0.027684
0.038617
0.052788
0.070708
0.092803
0.119349
0.150396
0.185705
0.224690
0.266387
0.309468
0.352279
0.392940
0.429467
0.459931
0.482625
0.496222
0.499902
0.493436
0.477209
0.452180
0.419791
0.381830
0.340265
0.297079
0.254115
0.212957
0.174846
0.140645
0.110841
0.085583
0.064741
0.047982
0.034838
0.024773
0.017241
0.011721
0.007742
0.004895
0.002830
0.001257
0.000000
0.000000
