0.000000
0.000000
-0.017146
-0.036517
-0.057957
-0.082243
-0.110018
-0.141651
-0.177162
-0.216180
-0.257914
-0.301166
-0.344378
-0.385724
-0.423240
-0.454985
-0.479208
-0.494511
-0.499988
-0.495312
-0.480770
-0.457234
-0.426073
-0.389025
-0.348032
-0.305078
-0.262033
-0.220523
-0.181846
-0.146928
-0.116321
-0.090233
-0.068583
-0.051075
-0.037269
-0.026645
-0.018665
-0.012810
-0.008613
-0.005674
-0.003662
-0.002316
-0.001434
-0.000870
-0.000518
-0.000302
-0.000174
-0.000100
-0.000060
-0.000043
-0.000043
-0.000060
-0.000100
-0.000174
-0.000302
-0.000518
-0.000870
-0.001434
-0.002316
-0.003662
-0.005674
-0.008613
-0.012810
-0.018665
-0.026645
-0.037269
-0.051075
-0.068583
-0.090233
-0.116321
-0.146928
-0.181846
-0.220523
-0.262033
-0.305078
-0.348032
-0.389025
-0.426073
-0.457234
-0.480770
-0.495312
-0.499988
-0.494511
-0.479208
-0.454985
-0.423240
-0.385724
-0.344378
-0.301166
-0.257914
-0.216180
-0.177162
-0.141651
-0.110018
-0.082243
-0.057957
-0.036517
-0.017146
0.000000
0.000000
