0.000000
0.000000
0.002916
0.006454
0.010877
0.016661
0.024334
0.034455
0.047599
0.064320
0.085098
0.110278
0.139998
0.174118
0.212159
0.253268
0.296210
0.339409
0.381026
0.419078
0.451597
0.476789
0.493205
0.499872
0.496395
0.482991
0.460468
0.430144
0.393720
0.353122
0.310334
0.267241
0.225501
0.186451
0.151061
0.119925
0.093288
0.071105
0.053104
0.038859
0.027860
0.019571
0.013470
0.009086
0.006010
0.003907
0.002512
0.001626
0.001109
0.000872
0.000872
0.001109
0.001626
0.002512
0.003907
0.006010
0.009086
0.013470
0.019571
0.027860
0.038859
0.053104
0.071105
0.093288
0.119925
0.151061
0.186451
0.225501
0.267241
0.310334
0.353122
0.393720
0.430144
0.460468
0.482991
0.496395
0.499872
0.493205
0.476789
0.451597
0.419078
0.381026
0.339409
0.296210
0.253268
0.212159
0.174118
0.139998
0.110278
0.085098
0.064320
0.047599
0.034455
0.024334
0.016661
0.010877
0.006454
0.002916
0.000000
0.000000
