0.000000
0.000000
-0.028806
-0.060590
-0.094284
-0.130376
-0.169153
-0.210503
-0.253869
-0.298247
-0.342238
-0.384135
-0.422062
-0.454136
-0.478643
-0.494206
-0.499927
-0.495477
-0.481140
-0.457779
-0.426758
-0.389811
-0.348878
-0.305945
-0.262884
-0.221329
-0.182585
-0.147585
-0.116889
-0.090709
-0.068973
-0.051387
-0.037512
-0.026830
-0.018801
-0.012909
-0.008684
-0.005723
-0.003695
-0.002337
-0.001448
-0.000879
-0.000523
-0.000305
-0.000174
-0.000097
-0.000054
-0.000029
-0.000017
-0.000012
-0.000012
-0.000017
-0.000029
-0.000054
-0.000097
-0.000174
-0.000305
-0.000523
-0.000879
-0.001448
-0.002337
-0.003695
-0.005723
-0.008684
-0.012909
-0.018801
-0.026830
-0.037512
-0.051387
-0.068973
-0.090709
-0.116889
-0.147585
-0.182585
-0.221329
-0.262884
-0.305945
-0.348878
-0.389811
-0.426758
-0.457779
-0.481140
-0.495477
-0.499927
-0.494206
-0.478643
-0.454136
-0.422062
-0.384135
-0.342238
-0.298247
-0.253869
-0.210503
-0.169153
-0.130376
-0.094284
-0.060590
-0.028806
0.000000
0.000000
