0.000000
0.000000
-0.000000
-0.000001
-0.000002
-0.000004
-0.000009
-0.000016
-0.000031
-0.000058
-0.000104
-0.000185
-0.000323
-0.000552
-0.000925
-0.001519
-0.002444
-0.003853
-0.005954
-0.009015
-0.013376
-0.019448
-0.027707
-0.038677
-0.052901
-0.070895
-0.093091
-0.119764
-0.150965
-0.186446
-0.225613
-0.267493
-0.310748
-0.353725
-0.394557
-0.431297
-0.462085
-0.485322
-0.499840
-0.505034
-0.500953
-0.488328
-0.468529
-0.443471
-0.415455
-0.386986
-0.360560
-0.338467
-0.322602
-0.314317
-0.314317
-0.322602
-0.338467
-0.360560
-0.386986
-0.415455
-0.443471
-0.468529
-0.488328
-0.500953
-0.505034
-0.499840
-0.485322
-0.462085
-0.431297
-0.394557
-0.353725
-0.310748
-0.267493
-0.225613
-0.186446
-0.150965
-0.119764
-0.093091
-0.070895
-0.052901
-0.038677
-0.027707
-0.019448
-0.013376
-0.009015
-0.005954
-0.003853
-0.002444
-0.001519
-0.000925
-0.000552
-0.000323
-0.000185
-0.000104
-0.000058
-0.000031
-0.000016
-0.000009
-0.000004
-0.000002
-0.000001
-0.000000
0.000000
0.000000
