0.000000
0.000000
0.000304
0.000703
0.001267
0.002107
0.003371
0.005253
0.008008
0.011955
0.017487
0.025063
0.035199
0.048437
0.065308
0.086276
0.111669
0.141608
0.175936
0.214153
0.255386
0.298382
0.341548
0.383034
0.420856
0.453049
0.477832
0.493777
0.499940
0.495954
0.482069
0.459120
0.428447
0.391768
0.351014
0.308169
0.265109
0.223478
0.184597
0.149416
0.118516
0.092131
0.070210
0.052486
0.038549
0.027922
0.020119
0.014697
0.011296
0.009660
0.009660
0.011296
0.014697
0.020119
0.027922
0.038549
0.052486
0.070210
0.092131
0.118516
0.149416
0.184597
0.223478
0.265109
0.308169
0.351014
0.391768
0.428447
0.459120
0.482069
0.495954
0.499940
0.493777
0.477832
0.453049
0.420856
0.383034
0.341548
0.298382
0.255386
0.214153
0.175936
0.141608
0.111669
0.086276
0.065308
0.048437
0.035199
0.025063
0.017487
0.011955
0.008008
0.005253
0.003371
0.002107
0.001267
0.000703
0.000304
0.000000
0.000000
