0.000000
0.000000
0.000000
0.000000
0.000001
0.000001
0.000003
0.000005
0.000010
0.000019
0.000037
0.000068
0.000123
0.000218
0.000378
0.000643
0.001072
0.001751
0.002803
0.004395
0.006752
0.010164
0.014990
0.021662
0.030672
0.042551
0.057839
0.077034
0.100530
0.128550
0.161070
0.197763
0.237948
0.280578
0.324269
0.367364
0.408053
0.444518
0.475113
0.498530
0.513964
0.521219
0.520767
0.513723
0.501757
0.486928
0.471478
0.457593
0.447162
0.441579
0.441579
0.447162
0.457593
0.471478
0.486928
0.501757
0.513723
0.520767
0.521219
0.513964
0.498530
0.475113
0.444518
0.408053
0.367364
0.324269
0.280578
0.237948
0.197763
0.161070
0.128550
0.100530
0.077034
0.057839
0.042551
0.030672
0.021662
0.014990
0.010164
0.006752
0.004395
0.002803
0.001751
0.001072
0.000643
0.000378
0.000218
0.000123
0.000068
0.000037
0.000019
0.000010
0.000005
0.000003
0.000001
0.000001
0.000000
0.000000
0.000000
0.000000
