0.000000
0.000000
-0.000000
-0.000000
-0.000000
-0.000000
-0.000000
-0.000001
-0.000001
-0.000002
-0.000005
-0.000009
-0.000017
-0.000032
-0.000059
-0.000108
-0.000191
-0.000333
-0.000568
-0.000950
-0.001558
-0.002505
-0.003946
-0.006094
-0.009222
-0.013679
-0.019886
-0.028332
-0.039564
-0.054154
-0.072659
-0.095572
-0.123256
-0.155882
-0.193371
-0.235349
-0.281128
-0.329725
-0.379905
-0.430267
-0.479354
-0.525775
-0.568315
-0.606030
-0.638299
-0.664826
-0.685600
-0.700805
-0.710718
-0.715597
-0.715597
-0.710718
-0.700805
-0.685600
-0.664826
-0.638299
-0.606030
-0.568315
-0.525775
-0.479354
-0.430267
-0.379905
-0.329725
-0.281128
-0.235349
-0.193371
-0.155882
-0.123256
-0.095572
-0.072659
-0.054154
-0.039564
-0.028332
-0.019886
-0.013679
-0.009222
-0.006094
-0.003946
-0.002505
-0.001558
-0.000950
-0.000568
-0.000333
-0.000191
-0.000108
-0.000059
-0.000032
-0.000017
-0.000009
-0.000005
-0.000002
-0.000001
-0.000001
-0.000000
-0.000000
-0.000000
-0.000000
-0.000000
0.000000
0.000000
