0.000000
0.000000
0.000019
0.000046
0.000090
0.000162
0.000285
0.000489
0.000822
0.001354
0.002187
0.003464
0.005376
0.008178
0.012192
0.017813
0.025504
0.035781
0.049188
0.066254
0.087436
0.113056
0.143222
0.177759
0.216152
0.257507
0.300553
0.343682
0.385034
0.422621
0.454482
0.478854
0.494328
0.499989
0.495504
0.481152
0.457805
0.426832
0.389978
0.349204
0.306525
0.263857
0.222906
0.185080
0.151460
0.122805
0.099594
0.082085
0.070391
0.064543
0.064543
0.070391
0.082085
0.099594
0.122805
0.151460
0.185080
0.222906
0.263857
0.306525
0.349204
0.389978
0.426832
0.457805
0.481152
0.495504
0.499989
0.494328
0.478854
0.454482
0.422621
0.385034
0.343682
0.300553
0.257507
0.216152
0.177759
0.143222
0.113056
0.087436
0.066254
0.049188
0.035781
0.025504
0.017813
0.012192
0.008178
0.005376
0.003464
0.002187
0.001354
0.000822
0.000489
0.000285
0.000162
0.000090
0.000046
0.000019
0.000000
0.000000
