0.000000
0.000000
0.000000
0.000000
0.000000
0.000000
0.000000
0.000000
0.000001
0.000001
0.000003
0.000005
0.000010
0.000020
0.000038
0.000070
0.000126
0.000223
0.000387
0.000658
0.001097
0.001791
0.002865
0.004493
0.006904
0.010396
0.015344
0.022195
0.031471
0.043744
0.059611
0.079653
0.104379
0.134166
0.169197
0.209406
0.254434
0.303611
0.355971
0.410294
0.465174
0.519117
0.570639
0.618360
0.661084
0.697844
0.727917
0.750807
0.766203
0.773938
0.773938
0.766203
0.750807
0.727917
0.697844
0.661084
0.618360
0.570639
0.519117
0.465174
0.410294
0.355971
0.303611
0.254434
0.209406
0.169197
0.134166
0.104379
0.079653
0.059611
0.043744
0.031471
0.022195
0.015344
0.010396
0.006904
0.004493
0.002865
0.001791
0.001097
0.000658
0.000387
0.000223
0.000126
0.000070
0.000038
0.000020
0.000010
0.000005
0.000003
0.000001
0.000001
0.000000
0.000000
0.000000
0.000000
0.000000
0.000000
0.000000
0.000000
