0.000000
0.000000
-0.037988
-0.076468
-0.110753
-0.138901
-0.159702
-0.172599
-0.177675
-0.175579
-0.167400
-0.154512
-0.138402
-0.120524
-0.102174
-0.084411
-0.068014
-0.053486
-0.041072
-0.030811
-0.022589
-0.016189
-0.011345
-0.007776
-0.005213
-0.003420
-0.002195
-0.001379
-0.000847
-0.000510
-0.000300
-0.000173
-0.000098
-0.000054
-0.000029
-0.000015
-0.000008
-0.000004
-0.000002
-0.000001
-0.000000
-0.000000
-0.000000
-0.000000
-0.000000
-0.000000
-0.000000
-0.000000
-0.000000
-0.000000
-0.000000
-0.000000
-0.000000
-0.000000
-0.000000
-0.000000
-0.000000
-0.000000
-0.000000
-0.000000
-0.000001
-0.000002
-0.000004
-0.000008
-0.000015
-0.000029
-0.000054
-0.000098
-0.000173
-0.000300
-0.000510
-0.000847
-0.001379
-0.002195
-0.003420
-0.005213
-0.007776
-0.011345
-0.016189
-0.022589
-0.030811
-0.041072
-0.053486
-0.068014
-0.084411
-0.102174
-0.120524
-0.138402
-0.154512
-0.167400
-0.175579
-0.177675
-0.172599
-0.159702
-0.138901
-0.110753
-0.076468
-0.037988
0.000000
0.000000
