0.000000
0.000000
0.000000
0.000001
0.000001
0.000003
0.000005
0.000010
0.000019
0.000036
0.000067
0.000122
0.000216
0.000376
0.000640
0.001067
0.001743
0.002790
0.004375
0.006723
0.010123
0.014933
0.021584
0.030566
0.042412
0.057660
0.076807
0.100246
0.128197
0.160635
0.197223
0.237268
0.279705
0.323117
0.365803
0.405889
0.441475
0.470807
0.492454
0.505468
0.509509
0.504912
0.492689
0.474464
0.452338
0.428707
0.406046
0.386682
0.372578
0.365154
0.365154
0.372578
0.386682
0.406046
0.428707
0.452338
0.474464
0.492689
0.504912
0.509509
0.505468
0.492454
0.470807
0.441475
0.405889
0.365803
0.323117
0.279705
0.237268
0.197223
0.160635
0.128197
0.100246
0.076807
0.057660
0.042412
0.030566
0.021584
0.014933
0.010123
0.006723
0.004375
0.002790
0.001743
0.001067
0.000640
0.000376
0.000216
0.000122
0.000067
0.000036
0.000019
0.000010
0.000005
0.000003
0.000001
0.000001
0.000000
0.000000
0.000000
