0.000000
0.000000
-0.036009
-0.075314
-0.116136
-0.158671
-0.202917
-0.248455
-0.294426
-0.339562
-0.382275
-0.420782
-0.453274
-0.478089
-0.493889
-0.499798
-0.495502
-0.481291
-0.458032
-0.427091
-0.390198
-0.349298
-0.306377
-0.263310
-0.221732
-0.182954
-0.147914
-0.117173
-0.090948
-0.069169
-0.051543
-0.037633
-0.026922
-0.018870
-0.012959
-0.008719
-0.005748
-0.003712
-0.002348
-0.001456
-0.000884
-0.000526
-0.000306
-0.000175
-0.000098
-0.000054
-0.000029
-0.000015
-0.000009
-0.000006
-0.000006
-0.000009
-0.000015
-0.000029
-0.000054
-0.000098
-0.000175
-0.000306
-0.000526
-0.000884
-0.001456
-0.002348
-0.003712
-0.005748
-0.008719
-0.012959
-0.018870
-0.026922
-0.037633
-0.051543
-0.069169
-0.090948
-0.117173
-0.147914
-0.182954
-0.221732
-0.263310
-0.306377
-0.349298
-0.390198
-0.427091
-0.458032
-0.481291
-0.495502
-0.499798
-0.493889
-0.478089
-0.453274
-0.420782
-0.382275
-0.339562
-0.294426
-0.248455
-0.202917
-0.158671
-0.116136
-0.075314
-0.036009
0.000000
0.000000
