0.000000
0.000000
0.027616
0.058153
0.090651
0.125642
0.163457
0.204033
0.246864
0.290994
0.335061
0.377380
0.416079
0.449250
0.475130
0.492270
0.499683
0.496942
0.484228
0.462314
0.432489
0.396433
0.356062
0.313364
0.270234
0.228350
0.189074
0.153403
0.121956
0.095003
0.072515
0.054233
0.039742
0.028533
0.020071
0.013832
0.009338
0.006176
0.004001
0.002539
0.001578
0.000960
0.000572
0.000334
0.000191
0.000107
0.000059
0.000032
0.000018
0.000013
0.000013
0.000018
0.000032
0.000059
0.000107
0.000191
0.000334
0.000572
0.000960
0.001578
0.002539
0.004001
0.006176
0.009338
0.013832
0.020071
0.028533
0.039742
0.054233
0.072515
0.095003
0.121956
0.153403
0.189074
0.228350
0.270234
0.313364
0.356062
0.396433
0.432489
0.462314
0.484228
0.496942
0.499683
0.492270
0.475130
0.449250
0.416079
0.377380
0.335061
0.290994
0.246864
0.204033
0.163457
0.125642
0.090651
0.058153
0.027616
0.000000
0.000000
