0.000000
0.000000
-0.007769
-0.016839
-0.027473
-0.040394
-0.056312
-0.075849
-0.099488
-0.127511
-0.159936
-0.196453
-0.236386
-0.278673
-0.321888
-0.364304
-0.403993
-0.438972
-0.467359
-0.487541
-0.498329
-0.499069
-0.489713
-0.470819
-0.443502
-0.409319
-0.370125
-0.327911
-0.284629
-0.242058
-0.201686
-0.164645
-0.131686
-0.103194
-0.079231
-0.059603
-0.043933
-0.031729
-0.022454
-0.015571
-0.010581
-0.007046
-0.004599
-0.002943
-0.001847
-0.001139
-0.000694
-0.000425
-0.000274
-0.000206
-0.000206
-0.000274
-0.000425
-0.000694
-0.001139
-0.001847
-0.002943
-0.004599
-0.007046
-0.010581
-0.015571
-0.022454
-0.031729
-0.043933
-0.059603
-0.079231
-0.103194
-0.131686
-0.164645
-0.201686
-0.242058
-0.284629
-0.327911
-0.370125
-0.409319
-0.443502
-0.470819
-0.489713
-0.499069
-0.498329
-0.487541
-0.467359
-0.438972
-0.403993
-0.364304
-0.321888
-0.278673
-0.236386
-0.196453
-0.159936
-0.127511
-0.099488
-0.075849
-0.056312
-0.040394
-0.027473
-0.016839
-0.007769
0.000000
0.000000
