0.000000
0.000000
0.038125
0.079616
0.122467
0.166774
0.212444
0.258972
0.305426
0.350483
0.392526
0.429786
0.460501
0.483102
0.496374
0.499594
0.492612
0.475879
0.450407
0.417675
0.379490
0.337826
0.294657
0.251811
0.210845
0.172977
0.139042
0.109507
0.084504
0.063892
0.047333
0.034358
0.024436
0.017029
0.011628
0.007780
0.005101
0.003277
0.002063
0.001273
0.000769
0.000456
0.000265
0.000151
0.000084
0.000046
0.000025
0.000013
0.000007
0.000005
0.000005
0.000007
0.000013
0.000025
0.000046
0.000084
0.000151
0.000265
0.000456
0.000769
0.001273
0.002063
0.003277
0.005101
0.007780
0.011628
0.017029
0.024436
0.034358
0.047333
0.063892
0.084504
0.109507
0.139042
0.172977
0.210845
0.251811
0.294657
0.337826
0.379490
0.417675
0.450407
0.475879
0.492612
0.499594
0.496374
0.483102
0.460501
0.429786
0.392526
0.350483
0.305426
0.258972
0.212444
0.166774
0.122467
0.079616
0.038125
0.000000
0.000000
