0.000000
0.000000
-0.000000
-0.000000
-0.000001
-0.000001
-0.000002
-0.000004
-0.000009
-0.000017
-0.000032
-0.000058
-0.000106
-0.000188
-0.000327
-0.000558
-0.000935
-0.001534
-0.002467
-0.003888
-0.006005
-0.009088
-0.013480
-0.019591
-0.027900
-0.038933
-0.053233
-0.071319
-0.093621
-0.120420
-0.151770
-0.187436
-0.226838
-0.269038
-0.312743
-0.356377
-0.398174
-0.436329
-0.469164
-0.495300
-0.513826
-0.524412
-0.527380
-0.523694
-0.514877
-0.502861
-0.489781
-0.477739
-0.468569
-0.463624
-0.463624
-0.468569
-0.477739
-0.489781
-0.502861
-0.514877
-0.523694
-0.527380
-0.524412
-0.513826
-0.495300
-0.469164
-0.436329
-0.398174
-0.356377
-0.312743
-0.269038
-0.226838
-0.187436
-0.151770
-0.120420
-0.093621
-0.071319
-0.053233
-0.038933
-0.027900
-0.019591
-0.013480
-0.009088
-0.006005
-0.003888
-0.002467
-0.001534
-0.000935
-0.000558
-0.000327
-0.000188
-0.000106
-0.000058
-0.000032
-0.000017
-0.000009
-0.000004
-0.000002
-0.000001
-0.000001
-0.000000
-0.000000
0.000000
0.000000
