0.000000
0.000000
-0.000000
-0.000000
-0.000000
-0.000000
-0.000000
-0.000000
-0.000000
-0.000000
-0.000000
-0.000001
-0.000001
-0.000002
-0.000005
-0.000010
-0.000019
-0.000036
-0.000067
-0.000122
-0.000218
-0.000383
-0.000659
-0.001113
-0.001841
-0.002988
-0.004755
-0.007421
-0.011357
-0.017042
-0.025078
-0.036189
-0.051210
-0.071065
-0.096713
-0.129078
-0.168955
-0.216898
-0.273099
-0.337272
-0.408554
-0.485448
-0.565814
-0.646928
-0.725608
-0.798403
-0.861840
-0.912690
-0.948238
-0.966526
-0.966526
-0.948238
-0.912690
-0.861840
-0.798403
-0.725608
-0.646928
-0.565814
-0.485448
-0.408554
-0.337272
-0.273099
-0.216898
-0.168955
-0.129078
-0.096713
-0.071065
-0.051210
-0.036189
-0.025078
-0.017042
-0.011357
-0.007421
-0.004755
-0.002988
-0.001841
-0.001113
-0.000659
-0.000383
-0.000218
-0.000122
-0.000067
-0.000036
-0.000019
-0.000010
-0.000005
-0.000002
-0.000001
-0.000001
-0.000000
-0.000000
-0.000000
-0.000000
-0.000000
-0.000000
-0.000000
-0.000000
-0.000000
0.000000
0.000000
