0.000000
0.000000
0.000000
0.000001
0.000002
0.000004
0.000008
0.000015
0.000028
0.000052
0.000095
0.000169
0.000295
0.000505
0.000848
0.001395
0.002250
0.003559
0.005516
0.008381
0.012479
0.018211
0.026041
0.036491
0.050103
0.067404
0.088847
0.114743
0.145186
0.179987
0.218612
0.260152
0.303326
0.346531
0.387926
0.425570
0.457585
0.482325
0.498558
0.505597
0.503404
0.492622
0.474546
0.451030
0.424337
0.396949
0.371363
0.349878
0.334405
0.326312
0.326312
0.334405
0.349878
0.371363
0.396949
0.424337
0.451030
0.474546
0.492622
0.503404
0.505597
0.498558
0.482325
0.457585
0.425570
0.387926
0.346531
0.303326
0.260152
0.218612
0.179987
0.145186
0.114743
0.088847
0.067404
0.050103
0.036491
0.026041
0.018211
0.012479
0.008381
0.005516
0.003559
0.002250
0.001395
0.000848
0.000505
0.000295
0.000169
0.000095
0.000052
0.000028
0.000015
0.000008
0.000004
0.000002
0.000001
0.000000
0.000000
0.000000
