0.000000
0.000000
0.079083
0.161003
0.237606
0.305887
0.363597
0.409043
0.441148
0.459509
0.464408
0.456775
0.438099
0.410307
0.375604
0.336302
0.294658
0.252724
0.212238
0.174553
0.140610
0.110951
0.085763
0.064947
0.048185
0.035026
0.024945
0.017407
0.011902
0.007974
0.005234
0.003367
0.002122
0.001311
0.000794
0.000471
0.000274
0.000156
0.000087
0.000048
0.000026
0.000013
0.000007
0.000004
0.000002
0.000001
0.000000
0.000000
0.000000
0.000000
0.000000
0.000000
0.000000
0.000000
0.000001
0.000002
0.000004
0.000007
0.000013
0.000026
0.000048
0.000087
0.000156
0.000274
0.000471
0.000794
0.001311
0.002122
0.003367
0.005234
0.007974
0.011902
0.017407
0.024945
0.035026
0.048185
0.064947
0.085763
0.110951
0.140610
0.174553
0.212238
0.252724
0.294658
0.336302
0.375604
0.410307
0.438099
0.456775
0.464408
0.459509
0.441148
0.409043
0.363597
0.305887
0.237606
0.161003
0.079083
0.000000
0.000000
