0.000000
0.000000
-0.000000
-0.000001
-0.000001
-0.000003
-0.000006
-0.000011
-0.000021
-0.000040
-0.000074
-0.000134
-0.000237
-0.000412
-0.000699
-0.001163
-0.001896
-0.003026
-0.004731
-0.007246
-0.010871
-0.015979
-0.023009
-0.032461
-0.044869
-0.060766
-0.080634
-0.104839
-0.133561
-0.166725
-0.203935
-0.244436
-0.287098
-0.330451
-0.372754
-0.412111
-0.446627
-0.474577
-0.494580
-0.505762
-0.507865
-0.501313
-0.487201
-0.467227
-0.443549
-0.418602
-0.394885
-0.374730
-0.360104
-0.352420
-0.352420
-0.360104
-0.374730
-0.394885
-0.418602
-0.443549
-0.467227
-0.487201
-0.501313
-0.507865
-0.505762
-0.494580
-0.474577
-0.446627
-0.412111
-0.372754
-0.330451
-0.287098
-0.244436
-0.203935
-0.166725
-0.133561
-0.104839
-0.080634
-0.060766
-0.044869
-0.032461
-0.023009
-0.015979
-0.010871
-0.007246
-0.004731
-0.003026
-0.001896
-0.001163
-0.000699
-0.000412
-0.000237
-0.000134
-0.000074
-0.000040
-0.000021
-0.000011
-0.000006
-0.000003
-0.000001
-0.000001
-0.000000
0.000000
0.000000
