0.000000
0.000000
0.042492
0.088484
0.135487
0.183377
0.231864
0.280260
0.327475
0.372082
0.412425
0.446780
0.473521
0.491302
0.499203
0.496843
0.484431
0.462754
0.433109
0.397180
0.356888
0.314222
0.271086
0.229164
0.189826
0.154076
0.122541
0.095497
0.072921
0.054560
0.039997
0.028728
0.020217
0.013938
0.009414
0.006228
0.004037
0.002562
0.001593
0.000970
0.000578
0.000338
0.000193
0.000108
0.000059
0.000032
0.000017
0.000009
0.000005
0.000003
0.000003
0.000005
0.000009
0.000017
0.000032
0.000059
0.000108
0.000193
0.000338
0.000578
0.000970
0.001593
0.002562
0.004037
0.006228
0.009414
0.013938
0.020217
0.028728
0.039997
0.054560
0.072921
0.095497
0.122541
0.154076
0.189826
0.229164
0.271086
0.314222
0.356888
0.397180
0.433109
0.462754
0.484431
0.496843
0.499203
0.491302
0.473521
0.446780
0.412425
0.372082
0.327475
0.280260
0.231864
0.183377
0.135487
0.088484
0.042492
0.000000
0.000000
