0.000000
0.000000
0.010189
0.021956
0.035494
0.051579
0.070937
0.094153
0.121605
0.153401
0.189326
0.228790
0.270811
0.314030
0.356769
0.397128
0.433120
0.462831
0.484591
0.497127
0.499685
0.492111
0.474861
0.448958
0.415892
0.377478
0.335688
0.292493
0.249706
0.208870
0.171182
0.137460
0.108152
0.083373
0.062974
0.046605
0.033795
0.024011
0.016716
0.011403
0.007622
0.004992
0.003204
0.002015
0.001243
0.000753
0.000450
0.000270
0.000170
0.000126
0.000126
0.000170
0.000270
0.000450
0.000753
0.001243
0.002015
0.003204
0.004992
0.007622
0.011403
0.016716
0.024011
0.033795
0.046605
0.062974
0.083373
0.108152
0.137460
0.171182
0.208870
0.249706
0.292493
0.335688
0.377478
0.415892
0.448958
0.474861
0.492111
0.499685
0.497127
0.484591
0.462831
0.433120
0.397128
0.356769
0.314030
0.270811
0.228790
0.189326
0.153401
0.121605
0.094153
0.070937
0.051579
0.035494
0.021956
0.010189
0.000000
0.000000
