0.000000
0.000000
-0.063774
-0.131179
-0.196892
-0.259416
-0.317402
-0.369424
-0.414028
-0.449847
-0.475728
-0.490871
-0.494932
-0.488097
-0.471101
-0.445179
-0.411981
-0.373429
-0.331567
-0.288400
-0.245753
-0.205160
-0.167799
-0.134460
-0.105563
-0.081200
-0.061197
-0.045190
-0.032697
-0.023181
-0.016105
-0.010964
-0.007315
-0.004783
-0.003065
-0.001925
-0.001185
-0.000715
-0.000423
-0.000246
-0.000140
-0.000078
-0.000043
-0.000023
-0.000012
-0.000006
-0.000003
-0.000002
-0.000001
-0.000001
-0.000001
-0.000001
-0.000002
-0.000003
-0.000006
-0.000012
-0.000023
-0.000043
-0.000078
-0.000140
-0.000246
-0.000423
-0.000715
-0.001185
-0.001925
-0.003065
-0.004783
-0.007315
-0.010964
-0.016105
-0.023181
-0.032697
-0.045190
-0.061197
-0.081200
-0.105563
-0.134460
-0.167799
-0.205160
-0.245753
-0.288400
-0.331567
-0.373429
-0.411981
-0.445179
-0.471101
-0.488097
-0.494932
-0.490871
-0.475728
-0.449847
-0.414028
-0.369424
-0.317402
-0.259416
-0.196892
-0.131179
-0.063774
0.000000
0.000000
