0.000000
0.000000
-0.000000
-0.000000
-0.000000
-0.000001
-0.000001
-0.000002
-0.000004
-0.000009
-0.000017
-0.000032
-0.000059
-0.000106
-0.000189
-0.000329
-0.000561
-0.000940
-0.001541
-0.002478
-0.003905
-0.006031
-0.009126
-0.013534
-0.019667
-0.028005
-0.039076
-0.053427
-0.071578
-0.093969
-0.120890
-0.152409
-0.188315
-0.228063
-0.270760
-0.315183
-0.359838
-0.403069
-0.443195
-0.478676
-0.508278
-0.531213
-0.547244
-0.556717
-0.560532
-0.560026
-0.556809
-0.552549
-0.548749
-0.546545
-0.546545
-0.548749
-0.552549
-0.556809
-0.560026
-0.560532
-0.556717
-0.547244
-0.531213
-0.508278
-0.478676
-0.443195
-0.403069
-0.359838
-0.315183
-0.270760
-0.228063
-0.188315
-0.152409
-0.120890
-0.093969
-0.071578
-0.053427
-0.039076
-0.028005
-0.019667
-0.013534
-0.009126
-0.006031
-0.003905
-0.002478
-0.001541
-0.000940
-0.000561
-0.000329
-0.000189
-0.000106
-0.000059
-0.000032
-0.000017
-0.000009
-0.000004
-0.000002
-0.000001
-0.000001
-0.000000
-0.000000
-0.000000
0.000000
0.000000
