0.000000
0.000000
0.013904
0.029752
0.047573
0.068164
0.092226
0.120237
0.152392
0.188538
0.228135
0.270237
0.313514
0.356303
0.396716
0.432773
0.462563
0.484413
0.497048
0.499709
0.492236
0.475079
0.449256
0.416254
0.377883
0.336117
0.292926
0.250127
0.209265
0.171541
0.137776
0.108422
0.083598
0.063156
0.046750
0.033907
0.024096
0.016778
0.011447
0.007653
0.005013
0.003218
0.002024
0.001248
0.000754
0.000448
0.000262
0.000153
0.000094
0.000069
0.000069
0.000094
0.000153
0.000262
0.000448
0.000754
0.001248
0.002024
0.003218
0.005013
0.007653
0.011447
0.016778
0.024096
0.033907
0.046750
0.063156
0.083598
0.108422
0.137776
0.171541
0.209265
0.250127
0.292926
0.336117
0.377883
0.416254
0.449256
0.475079
0.492236
0.499709
0.497048
0.484413
0.462563
0.432773
0.396716
0.356303
0.313514
0.270237
0.228135
0.188538
0.152392
0.120237
0.092226
0.068164
0.047573
0.029752
0.013904
0.000000
0.000000
