0.000000
0.000000
-0.000000
-0.000000
-0.000000
-0.000000
-0.000000
-0.000000
-0.000000
-0.000000
-0.000000
-0.000000
-0.000001
-0.000001
-0.000003
-0.000005
-0.000011
-0.000021
-0.000040
-0.000076
-0.000140
-0.000254
-0.000449
-0.000778
-0.001323
-0.002202
-0.003592
-0.005740
-0.008989
-0.013791
-0.020732
-0.030538
-0.044073
-0.062325
-0.086358
-0.117243
-0.155964
-0.203287
-0.259623
-0.324884
-0.398346
-0.478565
-0.563339
-0.649750
-0.734294
-0.813093
-0.882179
-0.937819
-0.976849
-0.996970
-0.996970
-0.976849
-0.937819
-0.882179
-0.813093
-0.734294
-0.649750
-0.563339
-0.478565
-0.398346
-0.324884
-0.259623
-0.203287
-0.155964
-0.117243
-0.086358
-0.062325
-0.044073
-0.030538
-0.020732
-0.013791
-0.008989
-0.005740
-0.003592
-0.002202
-0.001323
-0.000778
-0.000449
-0.000254
-0.000140
-0.000076
-0.000040
-0.000021
-0.000011
-0.000005
-0.000003
-0.000001
-0.000001
-0.000000
-0.000000
-0.000000
-0.000000
-0.000000
-0.000000
-0.000000
-0.000000
-0.000000
-0.000000
0.000000
0.000000
