0.000000
0.000000
0.000106
0.000251
0.000466
0.000801
0.001330
0.002155
0.003416
0.005306
0.008078
0.012050
0.017617
0.025239
0.035431
0.048736
0.065685
0.086739
0.112222
0.142252
0.176664
0.214952
0.256234
0.299250
0.342402
0.383835
0.421564
0.453624
0.478243
0.493999
0.499960
0.495771
0.481694
0.458576
0.427766
0.390988
0.350177
0.307317
0.264283
0.222719
0.183944
0.148916
0.118224
0.092126
0.070609
0.053465
0.040368
0.030956
0.024895
0.021933
0.021933
0.024895
0.030956
0.040368
0.053465
0.070609
0.092126
0.118224
0.148916
0.183944
0.222719
0.264283
0.307317
0.350177
0.390988
0.427766
0.458576
0.481694
0.495771
0.499960
0.493999
0.478243
0.453624
0.421564
0.383835
0.342402
0.299250
0.256234
0.214952
0.176664
0.142252
0.112222
0.086739
0.065685
0.048736
0.035431
0.025239
0.017617
0.012050
0.008078
0.005306
0.003416
0.002155
0.001330
0.000801
0.000466
0.000251
0.000106
0.000000
0.000000
