0.000000
0.000000
0.018541
0.039411
0.062363
0.088151
0.117386
0.150382
0.187091
0.227057
0.269399
0.312835
0.355739
0.396247
0.432394
0.462276
0.484225
0.496962
0.499729
0.492358
0.475295
0.449553
0.416614
0.378287
0.336545
0.293359
0.250548
0.209660
0.171899
0.138092
0.108692
0.083824
0.063340
0.046895
0.034019
0.024181
0.016841
0.011492
0.007685
0.005035
0.003233
0.002034
0.001254
0.000758
0.000449
0.000261
0.000150
0.000086
0.000051
0.000037
0.000037
0.000051
0.000086
0.000150
0.000261
0.000449
0.000758
0.001254
0.002034
0.003233
0.005035
0.007685
0.011492
0.016841
0.024181
0.034019
0.046895
0.063340
0.083824
0.108692
0.138092
0.171899
0.209660
0.250548
0.293359
0.336545
0.378287
0.416614
0.449553
0.475295
0.492358
0.499729
0.496962
0.484225
0.462276
0.432394
0.396247
0.355739
0.312835
0.269399
0.227057
0.187091
0.150382
0.117386
0.088151
0.062363
0.039411
0.018541
0.000000
0.000000
