0.000000
0.000000
0.000000
0.000000
0.000000
0.000000
0.000000
0.000000
0.000000
0.000000
0.000000
0.000001
0.000001
0.000003
0.000006
0.000011
0.000022
0.000041
0.000076
0.000138
0.000246
0.000430
0.000736
0.001234
0.002031
0.003275
0.005179
0.008031
0.012211
0.018208
0.026625
0.038182
0.053704
0.074088
0.100255
0.133080
0.173295
0.221386
0.277478
0.341228
0.411735
0.487494
0.566393
0.645776
0.722565
0.793445
0.855095
0.904438
0.938895
0.956611
0.956611
0.938895
0.904438
0.855095
0.793445
0.722565
0.645776
0.566393
0.487494
0.411735
0.341228
0.277478
0.221386
0.173295
0.133080
0.100255
0.074088
0.053704
0.038182
0.026625
0.018208
0.012211
0.008031
0.005179
0.003275
0.002031
0.001234
0.000736
0.000430
0.000246
0.000138
0.000076
0.000041
0.000022
0.000011
0.000006
0.000003
0.000001
0.000001
0.000000
0.000000
0.000000
0.000000
0.000000
0.000000
0.000000
0.000000
0.000000
0.000000
0.000000
