0.000000
0.000000
0.000000
0.000000
0.000000
0.000000
0.000000
0.000000
0.000001
0.000001
0.000002
0.000004
0.000008
0.000016
0.000030
0.000055
0.000099
0.000176
0.000306
0.000523
0.000878
0.001443
0.002328
0.003681
0.005708
0.008677
0.012933
0.018899
0.027077
0.038037
0.052396
0.070780
0.093779
0.121888
0.155440
0.194546
0.239040
0.288442
0.341951
0.398458
0.456601
0.514835
0.571527
0.625048
0.673865
0.716616
0.752153
0.779570
0.798204
0.807625
0.807625
0.798204
0.779570
0.752153
0.716616
0.673865
0.625048
0.571527
0.514835
0.456601
0.398458
0.341951
0.288442
0.239040
0.194546
0.155440
0.121888
0.093779
0.070780
0.052396
0.038037
0.027077
0.018899
0.012933
0.008677
0.005708
0.003681
0.002328
0.001443
0.000878
0.000523
0.000306
0.000176
0.000099
0.000055
0.000030
0.000016
0.000008
0.000004
0.000002
0.000001
0.000001
0.000000
0.000000
0.000000
0.000000
0.000000
0.000000
0.000000
0.000000
