0.000000
0.000000
0.000000
0.000000
0.000000
0.000000
0.000000
0.000000
0.000000
0.000000
0.000000
0.000001
0.000002
0.000003
0.000007
0.000013
0.000026
0.000048
0.000090
0.000163
0.000289
0.000502
0.000854
0.001423
0.002325
0.003720
0.005835
0.008972
0.013525
0.019991
0.028977
0.041197
0.057453
0.078604
0.105514
0.138982
0.179650
0.227909
0.283789
0.346870
0.416205
0.490284
0.567040
0.643917
0.717991
0.786136
0.845244
0.892452
0.925368
0.942276
0.942276
0.925368
0.892452
0.845244
0.786136
0.717991
0.643917
0.567040
0.490284
0.416205
0.346870
0.283789
0.227909
0.179650
0.138982
0.105514
0.078604
0.057453
0.041197
0.028977
0.019991
0.013525
0.008972
0.005835
0.003720
0.002325
0.001423
0.000854
0.000502
0.000289
0.000163
0.000090
0.000048
0.000026
0.000013
0.000007
0.000003
0.000002
0.000001
0.000000
0.000000
0.000000
0.000000
0.000000
0.000000
0.000000
0.000000
0.000000
0.000000
0.000000
