0.000000
0.000000
0.000001
0.000002
0.000004
0.000008
0.000015
0.000028
0.000052
0.000095
0.000168
0.000294
0.000503
0.000843
0.001388
0.002240
0.003543
0.005492
0.008347
0.012431
0.018144
0.025951
0.036371
0.049949
0.067210
0.088609
0.114456
0.144850
0.179600
0.218173
0.259660
0.302776
0.345905
0.387191
0.424665
0.456404
0.480707
0.496263
0.502288
0.498624
0.485780
0.464907
0.437720
0.406362
0.373242
0.340855
0.311596
0.287596
0.270580
0.261759
0.261759
0.270580
0.287596
0.311596
0.340855
0.373242
0.406362
0.437720
0.464907
0.485780
0.498624
0.502288
0.496263
0.480707
0.456404
0.424665
0.387191
0.345905
0.302776
0.259660
0.218173
0.179600
0.144850
0.114456
0.088609
0.067210
0.049949
0.036371
0.025951
0.018144
0.012431
0.008347
0.005492
0.003543
0.002240
0.001388
0.000843
0.000503
0.000294
0.000168
0.000095
0.000052
0.000028
0.000015
0.000008
0.000004
0.000002
0.000001
0.000000
0.000000
