0.000000
0.000000
0.000000
0.000000
0.000000
0.000000
0.000000
0.000000
0.000000
0.000001
0.000001
0.000003
0.000005
0.000011
0.000020
0.000038
0.000070
0.000127
0.000225
0.000391
0.000665
0.001110
0.001814
0.002906
0.004562
0.007020
0.010589
0.015660
0.022705
0.032278
0.045001
0.061533
0.082536
0.108621
0.140284
0.177842
0.221363
0.270614
0.325025
0.383668
0.445279
0.508304
0.570963
0.631349
0.687521
0.737613
0.779927
0.813009
0.835720
0.847275
0.847275
0.835720
0.813009
0.779927
0.737613
0.687521
0.631349
0.570963
0.508304
0.445279
0.383668
0.325025
0.270614
0.221363
0.177842
0.140284
0.108621
0.082536
0.061533
0.045001
0.032278
0.022705
0.015660
0.010589
0.007020
0.004562
0.002906
0.001814
0.001110
0.000665
0.000391
0.000225
0.000127
0.000070
0.000038
0.000020
0.000011
0.000005
0.000003
0.000001
0.000001
0.000000
0.000000
0.000000
0.000000
0.000000
0.000000
0.000000
0.000000
0.000000
