0.000000
0.000000
-0.000000
-0.000000
-0.000000
-0.000000
-0.000000
-0.000000
-0.000000
-0.000001
-0.000001
-0.000002
-0.000005
-0.000009
-0.000017
-0.000033
-0.000060
-0.000110
-0.000195
-0.000339
-0.000580
-0.000971
-0.001595
-0.002569
-0.004056
-0.006279
-0.009530
-0.014184
-0.020700
-0.029626
-0.041585
-0.057255
-0.077332
-0.102483
-0.133280
-0.170134
-0.213223
-0.262427
-0.317276
-0.376923
-0.440147
-0.505382
-0.570781
-0.634305
-0.693829
-0.747259
-0.792647
-0.828296
-0.852851
-0.865371
-0.865371
-0.852851
-0.828296
-0.792647
-0.747259
-0.693829
-0.634305
-0.570781
-0.505382
-0.440147
-0.376923
-0.317276
-0.262427
-0.213223
-0.170134
-0.133280
-0.102483
-0.077332
-0.057255
-0.041585
-0.029626
-0.020700
-0.014184
-0.009530
-0.006279
-0.004056
-0.002569
-0.001595
-0.000971
-0.000580
-0.000339
-0.000195
-0.000110
-0.000060
-0.000033
-0.000017
-0.000009
-0.000005
-0.000002
-0.000001
-0.000001
-0.000000
-0.000000
-0.000000
-0.000000
-0.000000
-0.000000
-0.000000
0.000000
0.000000
