0.000000
0.000000
0.062477
0.128603
0.193253
0.255025
0.312642
0.364713
0.409786
0.446462
0.473528
0.490091
0.495706
0.490446
0.474936
0.450319
0.418167
0.380357
0.338912
0.295847
0.253015
0.212001
0.174041
0.139988
0.110321
0.085185
0.064447
0.047773
0.034699
0.024694
0.017219
0.011765
0.007877
0.005168
0.003322
0.002093
0.001292
0.000781
0.000463
0.000269
0.000153
0.000085
0.000047
0.000025
0.000013
0.000007
0.000003
0.000002
0.000001
0.000001
0.000001
0.000001
0.000002
0.000003
0.000007
0.000013
0.000025
0.000047
0.000085
0.000153
0.000269
0.000463
0.000781
0.001292
0.002093
0.003322
0.005168
0.007877
0.011765
0.017219
0.024694
0.034699
0.047773
0.064447
0.085185
0.110321
0.139988
0.174041
0.212001
0.253015
0.295847
0.338912
0.380357
0.418167
0.450319
0.474936
0.490446
0.495706
0.490091
0.473528
0.446462
0.409786
0.364713
0.312642
0.255025
0.193253
0.128603
0.062477
0.000000
0.000000
