0.000000
0.000000
-0.020863
-0.041971
-0.060728
-0.076054
-0.087282
-0.094119
-0.096628
-0.095193
-0.090441
-0.083150
-0.074157
-0.064269
-0.054201
-0.044526
-0.035660
-0.027861
-0.021247
-0.015822
-0.011509
-0.008181
-0.005683
-0.003860
-0.002563
-0.001665
-0.001057
-0.000657
-0.000399
-0.000237
-0.000138
-0.000079
-0.000044
-0.000024
-0.000013
-0.000007
-0.000003
-0.000002
-0.000001
-0.000000
-0.000000
-0.000000
-0.000000
-0.000000
-0.000000
-0.000000
-0.000000
-0.000000
-0.000000
-0.000000
-0.000000
-0.000000
-0.000000
-0.000000
-0.000000
-0.000000
-0.000000
-0.000000
-0.000000
-0.000000
-0.000000
-0.000001
-0.000002
-0.000003
-0.000007
-0.000013
-0.000024
-0.000044
-0.000079
-0.000138
-0.000237
-0.000399
-0.000657
-0.001057
-0.001665
-0.002563
-0.003860
-0.005683
-0.008181
-0.011509
-0.015822
-0.021247
-0.027861
-0.035660
-0.044526
-0.054201
-0.064269
-0.074157
-0.083150
-0.090441
-0.095193
-0.096628
-0.094119
-0.087282
-0.076054
-0.060728
-0.041971
-0.020863
0.000000
0.000000
