0.000000
0.000000
0.000061
0.000146
0.000274
0.000480
0.000811
0.001340
0.002166
0.003432
0.005330
0.008111
0.012097
0.017682
0.025327
0.035547
0.048886
0.065874
0.086971
0.112500
0.142575
0.177029
0.215352
0.256658
0.299684
0.342829
0.384235
0.421916
0.453911
0.478447
0.494109
0.499969
0.495679
0.481507
0.458305
0.427430
0.390607
0.349775
0.306922
0.263926
0.222436
0.183783
0.148938
0.118519
0.092821
0.071885
0.055576
0.043662
0.035893
0.032066
0.032066
0.035893
0.043662
0.055576
0.071885
0.092821
0.118519
0.148938
0.183783
0.222436
0.263926
0.306922
0.349775
0.390607
0.427430
0.458305
0.481507
0.495679
0.499969
0.494109
0.478447
0.453911
0.421916
0.384235
0.342829
0.299684
0.256658
0.215352
0.177029
0.142575
0.112500
0.086971
0.065874
0.048886
0.035547
0.025327
0.017682
0.012097
0.008111
0.005330
0.003432
0.002166
0.001340
0.000811
0.000480
0.000274
0.000146
0.000061
0.000000
0.000000
