0.000000
0.000000
-0.012771
-0.027383
-0.043924
-0.063194
-0.085906
-0.112576
-0.143456
-0.178470
-0.217167
-0.258696
-0.301813
-0.344928
-0.386193
-0.423630
-0.455290
-0.479419
-0.494622
-0.499994
-0.495216
-0.480578
-0.456957
-0.425728
-0.388630
-0.347608
-0.304645
-0.261607
-0.220120
-0.181477
-0.146600
-0.116038
-0.089995
-0.068388
-0.050920
-0.037148
-0.026553
-0.018596
-0.012760
-0.008578
-0.005650
-0.003646
-0.002305
-0.001428
-0.000867
-0.000516
-0.000303
-0.000178
-0.000110
-0.000080
-0.000080
-0.000110
-0.000178
-0.000303
-0.000516
-0.000867
-0.001428
-0.002305
-0.003646
-0.005650
-0.008578
-0.012760
-0.018596
-0.026553
-0.037148
-0.050920
-0.068388
-0.089995
-0.116038
-0.146600
-0.181477
-0.220120
-0.261607
-0.304645
-0.347608
-0.388630
-0.425728
-0.456957
-0.480578
-0.495216
-0.499994
-0.494622
-0.479419
-0.455290
-0.423630
-0.386193
-0.344928
-0.301813
-0.258696
-0.217167
-0.178470
-0.143456
-0.112576
-0.085906
-0.063194
-0.043924
-0.027383
-0.012771
0.000000
0.000000
