0.000000
0.000000
0.061983
0.125022
0.181689
0.228947
0.264841
0.288360
0.299442
0.298885
0.288189
0.269340
0.244575
0.216158
0.186187
0.156452
0.128355
0.102875
0.080593
0.061738
0.046261
0.033916
0.024335
0.017092
0.011752
0.007913
0.005217
0.003369
0.002131
0.001320
0.000801
0.000477
0.000278
0.000159
0.000089
0.000049
0.000026
0.000014
0.000007
0.000004
0.000002
0.000001
0.000000
0.000000
0.000000
0.000000
0.000000
0.000000
0.000000
0.000000
0.000000
0.000000
0.000000
0.000000
0.000000
0.000000
0.000000
0.000000
0.000001
0.000002
0.000004
0.000007
0.000014
0.000026
0.000049
0.000089
0.000159
0.000278
0.000477
0.000801
0.001320
0.002131
0.003369
0.005217
0.007913
0.011752
0.017092
0.024335
0.033916
0.046261
0.061738
0.080593
0.102875
0.128355
0.156452
0.186187
0.216158
0.244575
0.269340
0.288189
0.298885
0.299442
0.288360
0.264841
0.228947
0.181689
0.125022
0.061983
0.000000
0.000000
