0.000000
0.000000
-0.002517
-0.005065
-0.007333
-0.009190
-0.010557
-0.011397
-0.011715
-0.011556
-0.010993
-0.010120
-0.009035
-0.007838
-0.006614
-0.005435
-0.004352
-0.003398
-0.002587
-0.001923
-0.001394
-0.000987
-0.000682
-0.000460
-0.000303
-0.000195
-0.000122
-0.000075
-0.000045
-0.000026
-0.000015
-0.000008
-0.000004
-0.000002
-0.000001
-0.000001
-0.000000
-0.000000
-0.000000
-0.000000
-0.000000
-0.000000
-0.000000
-0.000000
-0.000000
-0.000000
0.000000
0.000000
0.000000
0.000000
0.000000
0.000000
0.000000
0.000000
-0.000000
-0.000000
-0.000000
-0.000000
-0.000000
-0.000000
-0.000000
-0.000000
-0.000000
-0.000000
-0.000001
-0.000001
-0.000002
-0.000004
-0.000008
-0.000015
-0.000026
-0.000045
-0.000075
-0.000122
-0.000195
-0.000303
-0.000460
-0.000682
-0.000987
-0.001394
-0.001923
-0.002587
-0.003398
-0.004352
-0.005435
-0.006614
-0.007838
-0.009035
-0.010120
-0.010993
-0.011556
-0.011715
-0.011397
-0.010557
-0.009190
-0.007333
-0.005065
-0.002517
0.000000
0.000000
