0.000000
0.000000
-0.000048
-0.000116
-0.000221
-0.000391
-0.000669
-0.001117
-0.001824
-0.002917
-0.004568
-0.007008
-0.010532
-0.015506
-0.022365
-0.031605
-0.043756
-0.059355
-0.078887
-0.102731
-0.131081
-0.163883
-0.200763
-0.240984
-0.283435
-0.326644
-0.368853
-0.408120
-0.442461
-0.470015
-0.489210
-0.498911
-0.498529
-0.488083
-0.468199
-0.440047
-0.405227
-0.365622
-0.323229
-0.280001
-0.237702
-0.197811
-0.161456
-0.129405
-0.102091
-0.079666
-0.062080
-0.049163
-0.040706
-0.036529
-0.036529
-0.040706
-0.049163
-0.062080
-0.079666
-0.102091
-0.129405
-0.161456
-0.197811
-0.237702
-0.280001
-0.323229
-0.365622
-0.405227
-0.440047
-0.468199
-0.488083
-0.498529
-0.498911
-0.489210
-0.470015
-0.442461
-0.408120
-0.368853
-0.326644
-0.283435
-0.240984
-0.200763
-0.163883
-0.131081
-0.102731
-0.078887
-0.059355
-0.043756
-0.031605
-0.022365
-0.015506
-0.010532
-0.007008
-0.004568
-0.002917
-0.001824
-0.001117
-0.000669
-0.000391
-0.000221
-0.000116
-0.000048
0.000000
0.000000
