0.000000
0.000000
0.054424
0.112525
0.170316
0.226966
0.281608
0.333112
0.380111
0.421098
0.454571
0.479185
0.493915
0.498185
0.491958
0.475765
0.450676
0.418207
0.380192
0.338624
0.295493
0.252638
0.211629
0.173693
0.139676
0.110052
0.084959
0.064262
0.047627
0.034585
0.024608
0.017156
0.011720
0.007845
0.005145
0.003307
0.002083
0.001285
0.000777
0.000461
0.000268
0.000152
0.000085
0.000046
0.000025
0.000013
0.000007
0.000003
0.000002
0.000001
0.000001
0.000002
0.000003
0.000007
0.000013
0.000025
0.000046
0.000085
0.000152
0.000268
0.000461
0.000777
0.001285
0.002083
0.003307
0.005145
0.007845
0.011720
0.017156
0.024608
0.034585
0.047627
0.064262
0.084959
0.110052
0.139676
0.173693
0.211629
0.252638
0.295493
0.338624
0.380192
0.418207
0.450676
0.475765
0.491958
0.498185
0.493915
0.479185
0.454571
0.421098
0.380111
0.333112
0.281608
0.226966
0.170316
0.112525
0.054424
0.000000
0.000000
