0.000000
0.000000
-0.000067
-0.000160
-0.000300
-0.000525
-0.000886
-0.001459
-0.002353
-0.003717
-0.005754
-0.008727
-0.012970
-0.018889
-0.026955
-0.037689
-0.051633
-0.069308
-0.091153
-0.117459
-0.148295
-0.183439
-0.222320
-0.263989
-0.307124
-0.350078
-0.390966
-0.427797
-0.458632
-0.481749
-0.495803
-0.499958
-0.493964
-0.478189
-0.453573
-0.421545
-0.383878
-0.342533
-0.299491
-0.256603
-0.215469
-0.177360
-0.143184
-0.113492
-0.088522
-0.068263
-0.052540
-0.041089
-0.033640
-0.029975
-0.029975
-0.033640
-0.041089
-0.052540
-0.068263
-0.088522
-0.113492
-0.143184
-0.177360
-0.215469
-0.256603
-0.299491
-0.342533
-0.383878
-0.421545
-0.453573
-0.478189
-0.493964
-0.499958
-0.495803
-0.481749
-0.458632
-0.427797
-0.390966
-0.350078
-0.307124
-0.263989
-0.222320
-0.183439
-0.148295
-0.117459
-0.091153
-0.069308
-0.051633
-0.037689
-0.026955
-0.018889
-0.012970
-0.008727
-0.005754
-0.003717
-0.002353
-0.001459
-0.000886
-0.000525
-0.000300
-0.000160
-0.000067
0.000000
0.000000
