0.000000
0.000000
0.049129
0.098963
0.143495
0.180251
0.207670
0.225003
0.232304
0.230343
0.220455
0.204349
0.183901
0.160963
0.137208
0.114025
0.092458
0.073198
0.056609
0.042787
0.031618
0.022850
0.016154
0.011174
0.007564
0.005012
0.003251
0.002065
0.001284
0.000782
0.000467
0.000273
0.000156
0.000088
0.000048
0.000026
0.000014
0.000007
0.000004
0.000002
0.000001
0.000000
0.000000
0.000000
0.000000
0.000000
0.000000
0.000000
0.000000
0.000000
0.000000
0.000000
0.000000
0.000000
0.000000
0.000000
0.000000
0.000000
0.000000
0.000001
0.000002
0.000004
0.000007
0.000014
0.000026
0.000048
0.000088
0.000156
0.000273
0.000467
0.000782
0.001284
0.002065
0.003251
0.005012
0.007564
0.011174
0.016154
0.022850
0.031618
0.042787
0.056609
0.073198
0.092458
0.114025
0.137208
0.160963
0.183901
0.204349
0.220455
0.230343
0.232304
0.225003
0.207670
0.180251
0.143495
0.098963
0.049129
0.000000
0.000000
