0.000000
0.000000
-0.001071
-0.002421
-0.004209
-0.006699
-0.010209
-0.015119
-0.021871
-0.030964
-0.042932
-0.058312
-0.077598
-0.101176
-0.129254
-0.161796
-0.198446
-0.238494
-0.280847
-0.324057
-0.366379
-0.405878
-0.440569
-0.468579
-0.488314
-0.498608
-0.498838
-0.488985
-0.469638
-0.441937
-0.407457
-0.368066
-0.325753
-0.282468
-0.239975
-0.199747
-0.162897
-0.130156
-0.101892
-0.078154
-0.058737
-0.043257
-0.031223
-0.022097
-0.015352
-0.010502
-0.007127
-0.004891
-0.003539
-0.002905
-0.002905
-0.003539
-0.004891
-0.007127
-0.010502
-0.015352
-0.022097
-0.031223
-0.043257
-0.058737
-0.078154
-0.101892
-0.130156
-0.162897
-0.199747
-0.239975
-0.282468
-0.325753
-0.368066
-0.407457
-0.441937
-0.469638
-0.488985
-0.498838
-0.498608
-0.488314
-0.468579
-0.440569
-0.405878
-0.366379
-0.324057
-0.280847
-0.238494
-0.198446
-0.161796
-0.129254
-0.101176
-0.077598
-0.058312
-0.042932
-0.030964
-0.021871
-0.015119
-0.010209
-0.006699
-0.004209
-0.002421
-0.001071
0.000000
0.000000
