0.000000
0.000000
0.024151
0.051016
0.079926
0.111515
0.146233
0.184166
0.224982
0.267905
0.311735
0.354912
0.395616
0.431917
0.461931
0.484003
0.496858
0.499738
0.492474
0.475508
0.449848
0.416973
0.378691
0.336974
0.293793
0.250969
0.210055
0.172258
0.138408
0.108964
0.084050
0.063524
0.047041
0.034132
0.024265
0.016903
0.011538
0.007716
0.005057
0.003247
0.002043
0.001260
0.000761
0.000451
0.000262
0.000149
0.000084
0.000047
0.000028
0.000019
0.000019
0.000028
0.000047
0.000084
0.000149
0.000262
0.000451
0.000761
0.001260
0.002043
0.003247
0.005057
0.007716
0.011538
0.016903
0.024265
0.034132
0.047041
0.063524
0.084050
0.108964
0.138408
0.172258
0.210055
0.250969
0.293793
0.336974
0.378691
0.416973
0.449848
0.475508
0.492474
0.499738
0.496858
0.484003
0.461931
0.431917
0.395616
0.354912
0.311735
0.267905
0.224982
0.184166
0.146233
0.111515
0.079926
0.051016
0.024151
0.000000
0.000000
