0.000000
0.000000
-0.000251
-0.000583
-0.001059
-0.001776
-0.002865
-0.004503
-0.006918
-0.010406
-0.015332
-0.022128
-0.031288
-0.043345
-0.058833
-0.078241
-0.101951
-0.130166
-0.162838
-0.199603
-0.239738
-0.282140
-0.325351
-0.367617
-0.407001
-0.441518
-0.469301
-0.488766
-0.498764
-0.498687
-0.488537
-0.468920
-0.440990
-0.406334
-0.366827
-0.324458
-0.281175
-0.238734
-0.198598
-0.161873
-0.129281
-0.101185
-0.077635
-0.058436
-0.043224
-0.031543
-0.022912
-0.016883
-0.013085
-0.011254
-0.011254
-0.013085
-0.016883
-0.022912
-0.031543
-0.043224
-0.058436
-0.077635
-0.101185
-0.129281
-0.161873
-0.198598
-0.238734
-0.281175
-0.324458
-0.366827
-0.406334
-0.440990
-0.468920
-0.488537
-0.498687
-0.498764
-0.488766
-0.469301
-0.441518
-0.407001
-0.367617
-0.325351
-0.282140
-0.239738
-0.199603
-0.162838
-0.130166
-0.101951
-0.078241
-0.058833
-0.043345
-0.031288
-0.022128
-0.015332
-0.010406
-0.006918
-0.004503
-0.002865
-0.001776
-0.001059
-0.000583
-0.000251
0.000000
0.000000
