0.000000
0.000000
-0.078555
-0.159161
-0.233030
-0.296713
-0.347819
-0.384841
-0.407188
-0.415169
-0.409899
-0.393148
-0.367141
-0.334349
-0.297277
-0.258279
-0.219412
-0.182342
-0.148295
-0.118059
-0.092024
-0.070243
-0.052511
-0.038450
-0.027578
-0.019376
-0.013336
-0.008992
-0.005939
-0.003843
-0.002436
-0.001513
-0.000920
-0.000548
-0.000320
-0.000183
-0.000103
-0.000056
-0.000030
-0.000016
-0.000008
-0.000004
-0.000002
-0.000001
-0.000000
-0.000000
-0.000000
-0.000000
-0.000000
-0.000000
-0.000000
-0.000000
-0.000000
-0.000000
-0.000000
-0.000000
-0.000001
-0.000002
-0.000004
-0.000008
-0.000016
-0.000030
-0.000056
-0.000103
-0.000183
-0.000320
-0.000548
-0.000920
-0.001513
-0.002436
-0.003843
-0.005939
-0.008992
-0.013336
-0.019376
-0.027578
-0.038450
-0.052511
-0.070243
-0.092024
-0.118059
-0.148295
-0.182342
-0.219412
-0.258279
-0.297277
-0.334349
-0.367141
-0.393148
-0.409899
-0.415169
-0.407188
-0.384841
-0.347819
-0.296713
-0.233030
-0.159161
-0.078555
0.000000
0.000000
