0.000000
0.000000
-0.000000
-0.000000
-0.000000
-0.000000
-0.000000
-0.000000
-0.000001
-0.000001
-0.000002
-0.000005
-0.000009
-0.000017
-0.000032
-0.000060
-0.000108
-0.000192
-0.000335
-0.000572
-0.000957
-0.001570
-0.002525
-0.003981
-0.006151
-0.009317
-0.013834
-0.020134
-0.028728
-0.040188
-0.055121
-0.074138
-0.097798
-0.126551
-0.160673
-0.200207
-0.244912
-0.294237
-0.347315
-0.402996
-0.459899
-0.516500
-0.571220
-0.622528
-0.669018
-0.709480
-0.742927
-0.768613
-0.786008
-0.794785
-0.794785
-0.786008
-0.768613
-0.742927
-0.709480
-0.669018
-0.622528
-0.571220
-0.516500
-0.459899
-0.402996
-0.347315
-0.294237
-0.244912
-0.200207
-0.160673
-0.126551
-0.097798
-0.074138
-0.055121
-0.040188
-0.028728
-0.020134
-0.013834
-0.009317
-0.006151
-0.003981
-0.002525
-0.001570
-0.000957
-0.000572
-0.000335
-0.000192
-0.000108
-0.000060
-0.000032
-0.000017
-0.000009
-0.000005
-0.000002
-0.000001
-0.000001
-0.000000
-0.000000
-0.000000
-0.000000
-0.000000
-0.000000
0.000000
0.000000
