0.000000
0.000000
-0.002088
-0.004654
-0.007926
-0.012299
-0.018225
-0.026206
-0.036783
-0.050512
-0.067926
-0.089475
-0.115468
-0.145992
-0.180848
-0.219493
-0.261004
-0.304086
-0.347110
-0.388206
-0.425386
-0.456701
-0.480408
-0.495133
-0.499998
-0.494712
-0.479597
-0.455559
-0.423992
-0.386651
-0.345486
-0.302477
-0.259482
-0.218110
-0.179638
-0.144968
-0.114630
-0.088813
-0.067422
-0.050150
-0.036551
-0.026102
-0.018266
-0.012530
-0.008432
-0.005581
-0.003657
-0.002417
-0.001683
-0.001344
-0.001344
-0.001683
-0.002417
-0.003657
-0.005581
-0.008432
-0.012530
-0.018266
-0.026102
-0.036551
-0.050150
-0.067422
-0.088813
-0.114630
-0.144968
-0.179638
-0.218110
-0.259482
-0.302477
-0.345486
-0.386651
-0.423992
-0.455559
-0.479597
-0.494712
-0.499998
-0.495133
-0.480408
-0.456701
-0.425386
-0.388206
-0.347110
-0.304086
-0.261004
-0.219493
-0.180848
-0.145992
-0.115468
-0.089475
-0.067926
-0.050512
-0.036783
-0.026206
-0.018225
-0.012299
-0.007926
-0.004654
-0.002088
0.000000
0.000000
