0.000000
0.000000
0.000024
0.000059
0.000114
0.000206
0.000361
0.000616
0.001029
0.001684
0.002701
0.004242
0.006528
0.009844
0.014542
0.021049
0.029852
0.041479
0.056471
0.075328
0.098452
0.126075
0.158187
0.194470
0.234247
0.276461
0.319693
0.362221
0.402117
0.437393
0.466154
0.486774
0.498039
0.499274
0.490405
0.471968
0.445058
0.411223
0.372317
0.330341
0.287278
0.244955
0.204934
0.168456
0.136418
0.109397
0.087706
0.071465
0.060678
0.055302
0.055302
0.060678
0.071465
0.087706
0.109397
0.136418
0.168456
0.204934
0.244955
0.287278
0.330341
0.372317
0.411223
0.445058
0.471968
0.490405
0.499274
0.498039
0.486774
0.466154
0.437393
0.402117
0.362221
0.319693
0.276461
0.234247
0.194470
0.158187
0.126075
0.098452
0.075328
0.056471
0.041479
0.029852
0.021049
0.014542
0.009844
0.006528
0.004242
0.002701
0.001684
0.001029
0.000616
0.000361
0.000206
0.000114
0.000059
0.000024
0.000000
0.000000
