0.000000
0.000000
0.005113
0.011183
0.018505
0.027700
0.039415
0.054273
0.072841
0.095574
0.122751
0.154408
0.190274
0.229718
0.271729
0.314929
0.357625
0.397908
0.433788
0.463353
0.484938
0.497278
0.499632
0.491857
0.474422
0.448360
0.415168
0.376666
0.334830
0.291626
0.248865
0.208082
0.170467
0.136831
0.107612
0.082924
0.062609
0.046316
0.033572
0.023843
0.016592
0.011314
0.007560
0.004952
0.003181
0.002008
0.001252
0.000786
0.000519
0.000399
0.000399
0.000519
0.000786
0.001252
0.002008
0.003181
0.004952
0.007560
0.011314
0.016592
0.023843
0.033572
0.046316
0.062609
0.082924
0.107612
0.136831
0.170467
0.208082
0.248865
0.291626
0.334830
0.376666
0.415168
0.448360
0.474422
0.491857
0.499632
0.497278
0.484938
0.463353
0.433788
0.397908
0.357625
0.314929
0.271729
0.229718
0.190274
0.154408
0.122751
0.095574
0.072841
0.054273
0.039415
0.027700
0.018505
0.011183
0.005113
0.000000
0.000000
