0.000000
0.000000
-0.000000
-0.000000
-0.000000
-0.000000
-0.000000
-0.000000
-0.000000
-0.000001
-0.000001
-0.000003
-0.000006
-0.000011
-0.000022
-0.000042
-0.000077
-0.000139
-0.000247
-0.000428
-0.000726
-0.001209
-0.001970
-0.003145
-0.004920
-0.007543
-0.011334
-0.016692
-0.024100
-0.034114
-0.047350
-0.064458
-0.086072
-0.112766
-0.144983
-0.182977
-0.226747
-0.275990
-0.330068
-0.388009
-0.448526
-0.510074
-0.570924
-0.629254
-0.683244
-0.731175
-0.771504
-0.802936
-0.824462
-0.835398
-0.835398
-0.824462
-0.802936
-0.771504
-0.731175
-0.683244
-0.629254
-0.570924
-0.510074
-0.448526
-0.388009
-0.330068
-0.275990
-0.226747
-0.182977
-0.144983
-0.112766
-0.086072
-0.064458
-0.047350
-0.034114
-0.024100
-0.016692
-0.011334
-0.007543
-0.004920
-0.003145
-0.001970
-0.001209
-0.000726
-0.000428
-0.000247
-0.000139
-0.000077
-0.000042
-0.000022
-0.000011
-0.000006
-0.000003
-0.000001
-0.000001
-0.000000
-0.000000
-0.000000
-0.000000
-0.000000
-0.000000
-0.000000
0.000000
0.000000
