0.000000
0.000000
0.000000
0.000000
0.000000
0.000000
0.000000
0.000000
0.000000
0.000000
0.000000
0.000000
0.000001
0.000001
0.000003
0.000006
0.000012
0.000023
0.000043
0.000081
0.000148
0.000266
0.000469
0.000810
0.001371
0.002275
0.003699
0.005895
0.009207
0.014092
0.021137
0.031069
0.044752
0.063167
0.087369
0.118416
0.157273
0.204682
0.261032
0.326208
0.399471
0.479366
0.563694
0.649554
0.733476
0.811629
0.880100
0.935214
0.973860
0.993777
0.993777
0.973860
0.935214
0.880100
0.811629
0.733476
0.649554
0.563694
0.479366
0.399471
0.326208
0.261032
0.204682
0.157273
0.118416
0.087369
0.063167
0.044752
0.031069
0.021137
0.014092
0.009207
0.005895
0.003699
0.002275
0.001371
0.000810
0.000469
0.000266
0.000148
0.000081
0.000043
0.000023
0.000012
0.000006
0.000003
0.000001
0.000001
0.000000
0.000000
0.000000
0.000000
0.000000
0.000000
0.000000
0.000000
0.000000
0.000000
0.000000
0.000000
