0.000000
0.000000
-0.000000
-0.000000
-0.000001
-0.000002
-0.000004
-0.000009
-0.000017
-0.000031
-0.000058
-0.000105
-0.000187
-0.000325
-0.000555
-0.000930
-0.001526
-0.002455
-0.003870
-0.005979
-0.009051
-0.013428
-0.019519
-0.027802
-0.038803
-0.053064
-0.071100
-0.093344
-0.120071
-0.151331
-0.186880
-0.226125
-0.268103
-0.311489
-0.354655
-0.395771
-0.432940
-0.464374
-0.488568
-0.504464
-0.511592
-0.510144
-0.500994
-0.485642
-0.466087
-0.444653
-0.423771
-0.405744
-0.392530
-0.385550
-0.385550
-0.392530
-0.405744
-0.423771
-0.444653
-0.466087
-0.485642
-0.500994
-0.510144
-0.511592
-0.504464
-0.488568
-0.464374
-0.432940
-0.395771
-0.354655
-0.311489
-0.268103
-0.226125
-0.186880
-0.151331
-0.120071
-0.093344
-0.071100
-0.053064
-0.038803
-0.027802
-0.019519
-0.013428
-0.009051
-0.005979
-0.003870
-0.002455
-0.001526
-0.000930
-0.000555
-0.000325
-0.000187
-0.000105
-0.000058
-0.000031
-0.000017
-0.000009
-0.000004
-0.000002
-0.000001
-0.000000
-0.000000
0.000000
0.000000
