0.000000
0.000000
0.003502
0.007723
0.012937
0.019668
0.028481
0.039961
0.054688
0.073193
0.095907
0.123092
0.154772
0.190666
0.230135
0.272162
0.315364
0.358045
0.398294
0.434119
0.463612
0.485110
0.497352
0.499604
0.491729
0.474201
0.448059
0.414805
0.376260
0.334401
0.291193
0.248445
0.207689
0.170110
0.136517
0.107344
0.082700
0.062427
0.046173
0.033461
0.023760
0.016532
0.011272
0.007534
0.004939
0.003183
0.002029
0.001303
0.000881
0.000689
0.000689
0.000881
0.001303
0.002029
0.003183
0.004939
0.007534
0.011272
0.016532
0.023760
0.033461
0.046173
0.062427
0.082700
0.107344
0.136517
0.170110
0.207689
0.248445
0.291193
0.334401
0.376260
0.414805
0.448059
0.474201
0.491729
0.499604
0.497352
0.485110
0.463612
0.434119
0.398294
0.358045
0.315364
0.272162
0.230135
0.190666
0.154772
0.123092
0.095907
0.073193
0.054688
0.039961
0.028481
0.019668
0.012937
0.007723
0.003502
0.000000
0.000000
