0.000000
0.000000
0.000005
0.000014
0.000027
0.000051
0.000093
0.000165
0.000289
0.000495
0.000831
0.001368
0.002208
0.003495
0.005422
0.008245
0.012287
0.017945
0.025682
0.036016
0.049491
0.066635
0.087904
0.113614
0.143870
0.178492
0.216954
0.258358
0.301423
0.344536
0.385834
0.423329
0.455064
0.479282
0.494588
0.500087
0.495466
0.481040
0.457716
0.426918
0.390455
0.350376
0.308811
0.267822
0.229295
0.194856
0.165828
0.143228
0.127780
0.119946
0.119946
0.127780
0.143228
0.165828
0.194856
0.229295
0.267822
0.308811
0.350376
0.390455
0.426918
0.457716
0.481040
0.495466
0.500087
0.494588
0.479282
0.455064
0.423329
0.385834
0.344536
0.301423
0.258358
0.216954
0.178492
0.143870
0.113614
0.087904
0.066635
0.049491
0.036016
0.025682
0.017945
0.012287
0.008245
0.005422
0.003495
0.002208
0.001368
0.000831
0.000495
0.000289
0.000165
0.000093
0.000051
0.000027
0.000014
0.000005
0.000000
0.000000
