0.000000
0.000000
-0.000000
-0.000000
-0.000000
-0.000000
-0.000000
-0.000000
-0.000000
-0.000000
-0.000001
-0.000001
-0.000002
-0.000005
-0.000009
-0.000018
-0.000033
-0.000062
-0.000113
-0.000200
-0.000350
-0.000600
-0.001007
-0.001660
-0.002681
-0.004248
-0.006601
-0.010059
-0.015034
-0.022038
-0.031687
-0.044692
-0.061839
-0.083949
-0.111823
-0.146172
-0.187527
-0.236150
-0.291940
-0.354356
-0.422366
-0.494425
-0.568503
-0.642161
-0.712666
-0.777156
-0.832820
-0.877105
-0.907897
-0.923686
-0.923686
-0.907897
-0.877105
-0.832820
-0.777156
-0.712666
-0.642161
-0.568503
-0.494425
-0.422366
-0.354356
-0.291940
-0.236150
-0.187527
-0.146172
-0.111823
-0.083949
-0.061839
-0.044692
-0.031687
-0.022038
-0.015034
-0.010059
-0.006601
-0.004248
-0.002681
-0.001660
-0.001007
-0.000600
-0.000350
-0.000200
-0.000113
-0.000062
-0.000033
-0.000018
-0.000009
-0.000005
-0.000002
-0.000001
-0.000001
-0.000000
-0.000000
-0.000000
-0.000000
-0.000000
-0.000000
-0.000000
-0.000000
0.000000
0.000000
