0.000000
0.000000
0.058991
0.121663
0.183398
0.243052
0.299526
0.351533
0.397642
0.436387
0.466408
0.486597
0.496245
0.495138
0.483615
0.462561
0.433344
0.397699
0.357580
0.315006
0.271898
0.229957
0.190567
0.154744
0.123124
0.095991
0.073329
0.054887
0.040253
0.028924
0.020363
0.014045
0.009490
0.006281
0.004073
0.002586
0.001609
0.000980
0.000584
0.000341
0.000195
0.000109
0.000060
0.000032
0.000017
0.000009
0.000004
0.000002
0.000001
0.000001
0.000001
0.000001
0.000002
0.000004
0.000009
0.000017
0.000032
0.000060
0.000109
0.000195
0.000341
0.000584
0.000980
0.001609
0.002586
0.004073
0.006281
0.009490
0.014045
0.020363
0.028924
0.040253
0.054887
0.073329
0.095991
0.123124
0.154744
0.190567
0.229957
0.271898
0.315006
0.357580
0.397699
0.433344
0.462561
0.483615
0.495138
0.496245
0.486597
0.466408
0.436387
0.397642
0.351533
0.299526
0.243052
0.183398
0.121663
0.058991
0.000000
0.000000
