0.000000
0.000000
0.000000
0.000000
0.000000
0.000000
0.000000
0.000000
0.000000
0.000000
0.000000
0.000001
0.000001
0.000002
0.000005
0.000009
0.000018
0.000033
0.000062
0.000113
0.000203
0.000358
0.000618
0.001046
0.001737
0.002829
0.004519
0.007080
0.010877
0.016386
0.024207
0.035064
0.049802
0.069357
0.094711
0.126816
0.166504
0.214365
0.270631
0.335046
0.406768
0.484304
0.565498
0.647587
0.727330
0.801200
0.865639
0.917332
0.953490
0.972098
0.972098
0.953490
0.917332
0.865639
0.801200
0.727330
0.647587
0.565498
0.484304
0.406768
0.335046
0.270631
0.214365
0.166504
0.126816
0.094711
0.069357
0.049802
0.035064
0.024207
0.016386
0.010877
0.007080
0.004519
0.002829
0.001737
0.001046
0.000618
0.000358
0.000203
0.000113
0.000062
0.000033
0.000018
0.000009
0.000005
0.000002
0.000001
0.000001
0.000000
0.000000
0.000000
0.000000
0.000000
0.000000
0.000000
0.000000
0.000000
0.000000
0.000000
