0.000000
0.000000
-0.079382
-0.161530
-0.238189
-0.306290
-0.363556
-0.408297
-0.439477
-0.456762
-0.460517
-0.451768
-0.432093
-0.403495
-0.368234
-0.328649
-0.287000
-0.245316
-0.205295
-0.168237
-0.135027
-0.106150
-0.081745
-0.061669
-0.045580
-0.033006
-0.023419
-0.016281
-0.011092
-0.007405
-0.004845
-0.003107
-0.001953
-0.001203
-0.000727
-0.000430
-0.000250
-0.000142
-0.000079
-0.000043
-0.000023
-0.000012
-0.000006
-0.000003
-0.000002
-0.000001
-0.000000
-0.000000
-0.000000
-0.000000
-0.000000
-0.000000
-0.000000
-0.000000
-0.000001
-0.000002
-0.000003
-0.000006
-0.000012
-0.000023
-0.000043
-0.000079
-0.000142
-0.000250
-0.000430
-0.000727
-0.001203
-0.001953
-0.003107
-0.004845
-0.007405
-0.011092
-0.016281
-0.023419
-0.033006
-0.045580
-0.061669
-0.081745
-0.106150
-0.135027
-0.168237
-0.205295
-0.245316
-0.287000
-0.328649
-0.368234
-0.403495
-0.432093
-0.451768
-0.460517
-0.456762
-0.439477
-0.408297
-0.363556
-0.306290
-0.238189
-0.161530
-0.079382
0.000000
0.000000
