0.000000
0.000000
0.000007
0.000017
0.000035
0.000065
0.000118
0.000210
0.000366
0.000623
0.001040
0.001701
0.002726
0.004280
0.006584
0.009923
0.014653
0.021201
0.030054
0.041744
0.056808
0.075747
0.098959
0.126673
0.158873
0.195234
0.235072
0.277322
0.320559
0.363054
0.402879
0.438045
0.466663
0.487115
0.498201
0.499263
0.490248
0.471721
0.444809
0.411103
0.372514
0.331116
0.288991
0.248094
0.210153
0.176607
0.148587
0.126927
0.112198
0.104751
0.104751
0.112198
0.126927
0.148587
0.176607
0.210153
0.248094
0.288991
0.331116
0.372514
0.411103
0.444809
0.471721
0.490248
0.499263
0.498201
0.487115
0.466663
0.438045
0.402879
0.363054
0.320559
0.277322
0.235072
0.195234
0.158873
0.126673
0.098959
0.075747
0.056808
0.041744
0.030054
0.021201
0.014653
0.009923
0.006584
0.004280
0.002726
0.001701
0.001040
0.000623
0.000366
0.000210
0.000118
0.000065
0.000035
0.000017
0.000007
0.000000
0.000000
