0.000000
0.000000
-0.002529
-0.005614
-0.009503
-0.014634
-0.021500
-0.030633
-0.042593
-0.057931
-0.077152
-0.100651
-0.128644
-0.161101
-0.197676
-0.237665
-0.279985
-0.323194
-0.365552
-0.405126
-0.439933
-0.468094
-0.488008
-0.498500
-0.498934
-0.489279
-0.470113
-0.442565
-0.408203
-0.368890
-0.326616
-0.283332
-0.240808
-0.200521
-0.163595
-0.130766
-0.102411
-0.078582
-0.059079
-0.043521
-0.031413
-0.022219
-0.015402
-0.010467
-0.006979
-0.004578
-0.002973
-0.001948
-0.001346
-0.001068
-0.001068
-0.001346
-0.001948
-0.002973
-0.004578
-0.006979
-0.010467
-0.015402
-0.022219
-0.031413
-0.043521
-0.059079
-0.078582
-0.102411
-0.130766
-0.163595
-0.200521
-0.240808
-0.283332
-0.326616
-0.368890
-0.408203
-0.442565
-0.470113
-0.489279
-0.498934
-0.498500
-0.488008
-0.468094
-0.439933
-0.405126
-0.365552
-0.323194
-0.279985
-0.237665
-0.197676
-0.161101
-0.128644
-0.100651
-0.077152
-0.057931
-0.042593
-0.030633
-0.021500
-0.014634
-0.009503
-0.005614
-0.002529
0.000000
0.000000
