0.000000
0.000000
-0.000014
-0.000035
-0.000070
-0.000128
-0.000229
-0.000398
-0.000677
-0.001129
-0.001842
-0.002944
-0.004608
-0.007067
-0.010616
-0.015623
-0.022525
-0.031817
-0.044032
-0.059705
-0.079320
-0.103252
-0.131694
-0.164582
-0.201537
-0.241816
-0.284298
-0.327506
-0.369676
-0.408864
-0.443087
-0.470490
-0.489506
-0.499013
-0.498435
-0.487808
-0.467773
-0.439520
-0.404669
-0.365130
-0.322933
-0.280075
-0.238387
-0.199433
-0.164463
-0.134403
-0.109878
-0.091272
-0.078794
-0.072538
-0.072538
-0.078794
-0.091272
-0.109878
-0.134403
-0.164463
-0.199433
-0.238387
-0.280075
-0.322933
-0.365130
-0.404669
-0.439520
-0.467773
-0.487808
-0.498435
-0.499013
-0.489506
-0.470490
-0.443087
-0.408864
-0.369676
-0.327506
-0.284298
-0.241816
-0.201537
-0.164582
-0.131694
-0.103252
-0.079320
-0.059705
-0.044032
-0.031817
-0.022525
-0.015623
-0.010616
-0.007067
-0.004608
-0.002944
-0.001842
-0.001129
-0.000677
-0.000398
-0.000229
-0.000128
-0.000070
-0.000035
-0.000014
0.000000
0.000000
