0.000000
0.000000
-0.000332
-0.000767
-0.001380
-0.002289
-0.003651
-0.005672
-0.008617
-0.012819
-0.018682
-0.026677
-0.037323
-0.051164
-0.068720
-0.090435
-0.116605
-0.147307
-0.182327
-0.221107
-0.262709
-0.305822
-0.348807
-0.389785
-0.426767
-0.457809
-0.481180
-0.495522
-0.499981
-0.494290
-0.478797
-0.454427
-0.422593
-0.385061
-0.343785
-0.300744
-0.257787
-0.216512
-0.178181
-0.143684
-0.113538
-0.087925
-0.066746
-0.049702
-0.036360
-0.026229
-0.018819
-0.013688
-0.010478
-0.008937
-0.008937
-0.010478
-0.013688
-0.018819
-0.026229
-0.036360
-0.049702
-0.066746
-0.087925
-0.113538
-0.143684
-0.178181
-0.216512
-0.257787
-0.300744
-0.343785
-0.385061
-0.422593
-0.454427
-0.478797
-0.494290
-0.499981
-0.495522
-0.481180
-0.457809
-0.426767
-0.389785
-0.348807
-0.305822
-0.262709
-0.221107
-0.182327
-0.147307
-0.116605
-0.090435
-0.068720
-0.051164
-0.037323
-0.026677
-0.018682
-0.012819
-0.008617
-0.005672
-0.003651
-0.002289
-0.001380
-0.000767
-0.000332
0.000000
0.000000
