0.000000
0.000000
-0.039492
-0.082391
-0.126539
-0.171964
-0.218512
-0.265626
-0.312329
-0.357268
-0.398818
-0.435221
-0.464756
-0.485915
-0.497568
-0.499087
-0.490427
-0.472138
-0.445319
-0.411516
-0.372577
-0.330492
-0.287223
-0.244564
-0.204023
-0.166757
-0.133538
-0.104773
-0.080541
-0.060663
-0.044768
-0.032372
-0.022937
-0.015925
-0.010835
-0.007224
-0.004721
-0.003023
-0.001898
-0.001168
-0.000704
-0.000416
-0.000241
-0.000137
-0.000077
-0.000042
-0.000023
-0.000012
-0.000007
-0.000005
-0.000005
-0.000007
-0.000012
-0.000023
-0.000042
-0.000077
-0.000137
-0.000241
-0.000416
-0.000704
-0.001168
-0.001898
-0.003023
-0.004721
-0.007224
-0.010835
-0.015925
-0.022937
-0.032372
-0.044768
-0.060663
-0.080541
-0.104773
-0.133538
-0.166757
-0.204023
-0.244564
-0.287223
-0.330492
-0.372577
-0.411516
-0.445319
-0.472138
-0.490427
-0.499087
-0.497568
-0.485915
-0.464756
-0.435221
-0.398818
-0.357268
-0.312329
-0.265626
-0.218512
-0.171964
-0.126539
-0.082391
-0.039492
0.000000
0.000000
