0.000000
0.000000
0.000004
0.000009
0.000019
0.000035
0.000066
0.000119
0.000211
0.000368
0.000626
0.001045
0.001709
0.002738
0.004299
0.006611
0.009963
0.014709
0.021277
0.030156
0.041876
0.056977
0.075957
0.099213
0.126973
0.159217
0.195617
0.235485
0.277754
0.320994
0.363474
0.403267
0.438383
0.466940
0.487326
0.498354
0.499382
0.490380
0.471942
0.445237
0.411906
0.373929
0.333465
0.292699
0.253707
0.218349
0.188200
0.164517
0.148225
0.139929
0.139929
0.148225
0.164517
0.188200
0.218349
0.253707
0.292699
0.333465
0.373929
0.411906
0.445237
0.471942
0.490380
0.499382
0.498354
0.487326
0.466940
0.438383
0.403267
0.363474
0.320994
0.277754
0.235485
0.195617
0.159217
0.126973
0.099213
0.075957
0.056977
0.041876
0.030156
0.021277
0.014709
0.009963
0.006611
0.004299
0.002738
0.001709
0.001045
0.000626
0.000368
0.000211
0.000119
0.000066
0.000035
0.000019
0.000009
0.000004
0.000000
0.000000
