0.000000
0.000000
-0.000006
-0.000015
-0.000030
-0.000056
-0.000102
-0.000181
-0.000316
-0.000541
-0.000907
-0.001489
-0.002398
-0.003785
-0.005853
-0.008870
-0.013172
-0.019167
-0.027329
-0.038180
-0.052264
-0.070098
-0.092117
-0.118605
-0.149620
-0.184928
-0.223941
-0.265698
-0.308861
-0.351771
-0.392537
-0.429168
-0.459731
-0.482520
-0.496211
-0.499998
-0.493670
-0.477635
-0.452888
-0.420920
-0.383582
-0.342938
-0.301101
-0.260097
-0.221751
-0.187619
-0.158951
-0.136692
-0.121509
-0.113818
-0.113818
-0.121509
-0.136692
-0.158951
-0.187619
-0.221751
-0.260097
-0.301101
-0.342938
-0.383582
-0.420920
-0.452888
-0.477635
-0.493670
-0.499998
-0.496211
-0.482520
-0.459731
-0.429168
-0.392537
-0.351771
-0.308861
-0.265698
-0.223941
-0.184928
-0.149620
-0.118605
-0.092117
-0.070098
-0.052264
-0.038180
-0.027329
-0.019167
-0.013172
-0.008870
-0.005853
-0.003785
-0.002398
-0.001489
-0.000907
-0.000541
-0.000316
-0.000181
-0.000102
-0.000056
-0.000030
-0.000015
-0.000006
0.000000
0.000000
