0.000000
0.000000
0.012078
0.025933
0.041686
0.060136
0.082005
0.107832
0.137901
0.172183
0.210284
0.251413
0.294381
0.337645
0.379385
0.417631
0.450415
0.475935
0.492727
0.499798
0.496729
0.483711
0.461532
0.431490
0.395274
0.354804
0.312065
0.268950
0.227127
0.187948
0.152397
0.121083
0.094265
0.071908
0.053747
0.039361
0.028243
0.019854
0.013674
0.009226
0.006098
0.003948
0.002503
0.001555
0.000946
0.000565
0.000332
0.000195
0.000121
0.000088
0.000088
0.000121
0.000195
0.000332
0.000565
0.000946
0.001555
0.002503
0.003948
0.006098
0.009226
0.013674
0.019854
0.028243
0.039361
0.053747
0.071908
0.094265
0.121083
0.152397
0.187948
0.227127
0.268950
0.312065
0.354804
0.395274
0.431490
0.461532
0.483711
0.496729
0.499798
0.492727
0.475935
0.450415
0.417631
0.379385
0.337645
0.294381
0.251413
0.210284
0.172183
0.137901
0.107832
0.082005
0.060136
0.041686
0.025933
0.012078
0.000000
0.000000
