0.000000
0.000000
0.000182
0.000424
0.000776
0.001312
0.002138
0.003397
0.005282
0.008044
0.012003
0.017552
0.025151
0.035315
0.048586
0.065496
0.086507
0.111945
0.141930
0.176300
0.214552
0.255810
0.298816
0.341975
0.383435
0.421210
0.453337
0.478038
0.493889
0.499950
0.495863
0.481882
0.458848
0.428107
0.391377
0.350594
0.307739
0.264689
0.223085
0.184246
0.149124
0.118299
0.092012
0.070223
0.052683
0.039012
0.028772
0.021535
0.016934
0.014703
0.014703
0.016934
0.021535
0.028772
0.039012
0.052683
0.070223
0.092012
0.118299
0.149124
0.184246
0.223085
0.264689
0.307739
0.350594
0.391377
0.428107
0.458848
0.481882
0.495863
0.499950
0.493889
0.478038
0.453337
0.421210
0.383435
0.341975
0.298816
0.255810
0.214552
0.176300
0.141930
0.111945
0.086507
0.065496
0.048586
0.035315
0.025151
0.017552
0.012003
0.008044
0.005282
0.003397
0.002138
0.001312
0.000776
0.000424
0.000182
0.000000
0.000000
