0.000000
0.000000
0.000381
0.000879
0.001575
0.002601
0.004129
0.006382
0.009643
0.014266
0.020673
0.029349
0.040823
0.055635
0.074289
0.097192
0.124587
0.156479
0.192566
0.232189
0.274311
0.317530
0.360136
0.400211
0.435764
0.464893
0.485953
0.497707
0.499449
0.491073
0.473084
0.446547
0.412983
0.374225
0.332253
0.289029
0.246348
0.205729
0.168338
0.134964
0.106029
0.081629
0.061602
0.045598
0.033156
0.023769
0.016944
0.012242
0.009312
0.007909
0.007909
0.009312
0.012242
0.016944
0.023769
0.033156
0.045598
0.061602
0.081629
0.106029
0.134964
0.168338
0.205729
0.246348
0.289029
0.332253
0.374225
0.412983
0.446547
0.473084
0.491073
0.499449
0.497707
0.485953
0.464893
0.435764
0.400211
0.360136
0.317530
0.274311
0.232189
0.192566
0.156479
0.124587
0.097192
0.074289
0.055635
0.040823
0.029349
0.020673
0.014266
0.009643
0.006382
0.004129
0.002601
0.001575
0.000879
0.000381
0.000000
0.000000
