0.000000
0.000000
-0.022490
-0.047592
-0.074773
-0.104712
-0.137911
-0.174527
-0.214305
-0.256552
-0.300149
-0.343597
-0.385114
-0.422766
-0.454631
-0.478968
-0.494383
-0.499972
-0.495403
-0.480960
-0.457509
-0.426417
-0.389419
-0.348455
-0.305512
-0.262459
-0.220926
-0.182215
-0.147256
-0.116605
-0.090471
-0.068778
-0.051231
-0.037390
-0.026737
-0.018733
-0.012859
-0.008648
-0.005699
-0.003679
-0.002326
-0.001441
-0.000875
-0.000520
-0.000303
-0.000173
-0.000097
-0.000055
-0.000032
-0.000022
-0.000022
-0.000032
-0.000055
-0.000097
-0.000173
-0.000303
-0.000520
-0.000875
-0.001441
-0.002326
-0.003679
-0.005699
-0.008648
-0.012859
-0.018733
-0.026737
-0.037390
-0.051231
-0.068778
-0.090471
-0.116605
-0.147256
-0.182215
-0.220926
-0.262459
-0.305512
-0.348455
-0.389419
-0.426417
-0.457509
-0.480960
-0.495403
-0.499972
-0.494383
-0.478968
-0.454631
-0.422766
-0.385114
-0.343597
-0.300149
-0.256552
-0.214305
-0.174527
-0.137911
-0.104712
-0.074773
-0.047592
-0.022490
0.000000
0.000000
