0.000000
0.000000
0.023903
0.048096
0.069612
0.087219
0.100154
0.108074
0.111046
0.109497
0.104137
0.095848
0.085583
0.074265
0.062712
0.051587
0.041371
0.032367
0.024715
0.018428
0.013421
0.009550
0.006641
0.004514
0.002999
0.001948
0.001237
0.000768
0.000467
0.000277
0.000161
0.000091
0.000051
0.000027
0.000015
0.000008
0.000004
0.000002
0.000001
0.000000
0.000000
0.000000
0.000000
0.000000
0.000000
0.000000
0.000000
0.000000
0.000000
0.000000
0.000000
0.000000
0.000000
0.000000
0.000000
0.000000
0.000000
0.000000
0.000000
0.000000
0.000000
0.000001
0.000002
0.000004
0.000008
0.000015
0.000027
0.000051
0.000091
0.000161
0.000277
0.000467
0.000768
0.001237
0.001948
0.002999
0.004514
0.006641
0.009550
0.013421
0.018428
0.024715
0.032367
0.041371
0.051587
0.062712
0.074265
0.085583
0.095848
0.104137
0.109497
0.111046
0.108074
0.100154
0.087219
0.069612
0.048096
0.023903
0.000000
0.000000
