0.000000
0.000000
-0.052171
-0.108006
-0.163819
-0.218923
-0.272564
-0.323688
-0.370966
-0.412885
-0.447886
-0.474527
-0.491648
-0.498512
-0.494909
-0.481200
-0.458303
-0.427616
-0.390894
-0.350094
-0.307217
-0.264148
-0.222533
-0.183692
-0.148572
-0.117742
-0.091427
-0.069562
-0.051857
-0.037878
-0.027108
-0.019008
-0.013059
-0.008790
-0.005797
-0.003745
-0.002371
-0.001470
-0.000893
-0.000531
-0.000310
-0.000177
-0.000099
-0.000054
-0.000029
-0.000015
-0.000008
-0.000004
-0.000002
-0.000001
-0.000001
-0.000002
-0.000004
-0.000008
-0.000015
-0.000029
-0.000054
-0.000099
-0.000177
-0.000310
-0.000531
-0.000893
-0.001470
-0.002371
-0.003745
-0.005797
-0.008790
-0.013059
-0.019008
-0.027108
-0.037878
-0.051857
-0.069562
-0.091427
-0.117742
-0.148572
-0.183692
-0.222533
-0.264148
-0.307217
-0.350094
-0.390894
-0.427616
-0.458303
-0.481200
-0.494909
-0.498512
-0.491648
-0.474527
-0.447886
-0.412885
-0.370966
-0.323688
-0.272564
-0.218923
-0.163819
-0.108006
-0.052171
0.000000
0.000000
