0.000000
0.000000
0.000000
0.000000
0.000000
0.000000
0.000000
0.000001
0.000001
0.000002
0.000004
0.000008
0.000016
0.000029
0.000054
0.000098
0.000174
0.000304
0.000519
0.000871
0.001431
0.002307
0.003646
0.005649
0.008579
0.012772
0.018637
0.026658
0.037375
0.051365
0.069201
0.091403
0.118373
0.150339
0.187285
0.228912
0.274608
0.323457
0.374277
0.425702
0.476274
0.524566
0.569293
0.609405
0.644147
0.673070
0.696004
0.712983
0.724157
0.729691
0.729691
0.724157
0.712983
0.696004
0.673070
0.644147
0.609405
0.569293
0.524566
0.476274
0.425702
0.374277
0.323457
0.274608
0.228912
0.187285
0.150339
0.118373
0.091403
0.069201
0.051365
0.037375
0.026658
0.018637
0.012772
0.008579
0.005649
0.003646
0.002307
0.001431
0.000871
0.000519
0.000304
0.000174
0.000098
0.000054
0.000029
0.000016
0.000008
0.000004
0.000002
0.000001
0.000001
0.000000
0.000000
0.000000
0.000000
0.000000
0.000000
0.000000
