0.000000
0.000000
-0.031968
-0.067059
-0.103899
-0.142853
-0.184086
-0.227355
-0.271974
-0.316821
-0.360407
-0.400984
-0.436691
-0.465725
-0.486518
-0.497896
-0.499204
-0.490378
-0.471959
-0.445039
-0.411162
-0.372175
-0.330065
-0.286792
-0.244146
-0.203633
-0.166404
-0.133228
-0.104508
-0.080322
-0.060485
-0.044628
-0.032264
-0.022856
-0.015866
-0.010792
-0.007194
-0.004700
-0.003009
-0.001889
-0.001162
-0.000701
-0.000414
-0.000240
-0.000137
-0.000076
-0.000042
-0.000023
-0.000013
-0.000009
-0.000009
-0.000013
-0.000023
-0.000042
-0.000076
-0.000137
-0.000240
-0.000414
-0.000701
-0.001162
-0.001889
-0.003009
-0.004700
-0.007194
-0.010792
-0.015866
-0.022856
-0.032264
-0.044628
-0.060485
-0.080322
-0.104508
-0.133228
-0.166404
-0.203633
-0.244146
-0.286792
-0.330065
-0.372175
-0.411162
-0.445039
-0.471959
-0.490378
-0.499204
-0.497896
-0.486518
-0.465725
-0.436691
-0.400984
-0.360407
-0.316821
-0.271974
-0.227355
-0.184086
-0.142853
-0.103899
-0.067059
-0.031968
0.000000
0.000000
