0.000000
0.000000
-0.055834
-0.115348
-0.174363
-0.231953
-0.287181
-0.338872
-0.385638
-0.425984
-0.458446
-0.481747
-0.494951
-0.497587
-0.489725
-0.472004
-0.445582
-0.412048
-0.373280
-0.331289
-0.288054
-0.245383
-0.204796
-0.167459
-0.134156
-0.105301
-0.080981
-0.061019
-0.045049
-0.032589
-0.023100
-0.016045
-0.010921
-0.007284
-0.004762
-0.003051
-0.001916
-0.001179
-0.000712
-0.000421
-0.000244
-0.000139
-0.000077
-0.000042
-0.000023
-0.000012
-0.000006
-0.000003
-0.000002
-0.000001
-0.000001
-0.000002
-0.000003
-0.000006
-0.000012
-0.000023
-0.000042
-0.000077
-0.000139
-0.000244
-0.000421
-0.000712
-0.001179
-0.001916
-0.003051
-0.004762
-0.007284
-0.010921
-0.016045
-0.023100
-0.032589
-0.045049
-0.061019
-0.080981
-0.105301
-0.134156
-0.167459
-0.204796
-0.245383
-0.288054
-0.331289
-0.373280
-0.412048
-0.445582
-0.472004
-0.489725
-0.497587
-0.494951
-0.481747
-0.458446
-0.425984
-0.385638
-0.338872
-0.287181
-0.231953
-0.174363
-0.115348
-0.055834
0.000000
0.000000
