0.000000
0.000000
-0.004605
-0.010096
-0.016765
-0.025208
-0.036051
-0.049914
-0.067371
-0.088907
-0.114851
-0.145310
-0.180097
-0.218680
-0.260149
-0.303215
-0.346259
-0.387413
-0.424691
-0.456142
-0.480017
-0.494932
-0.500000
-0.494916
-0.479992
-0.456121
-0.424688
-0.387444
-0.346335
-0.303344
-0.260332
-0.218913
-0.180372
-0.145620
-0.115192
-0.089284
-0.067807
-0.050457
-0.036788
-0.026280
-0.018394
-0.012614
-0.008476
-0.005581
-0.003604
-0.002287
-0.001434
-0.000904
-0.000600
-0.000462
-0.000462
-0.000600
-0.000904
-0.001434
-0.002287
-0.003604
-0.005581
-0.008476
-0.012614
-0.018394
-0.026280
-0.036788
-0.050457
-0.067807
-0.089284
-0.115192
-0.145620
-0.180372
-0.218913
-0.260332
-0.303344
-0.346335
-0.387444
-0.424688
-0.456121
-0.479992
-0.494916
-0.500000
-0.494932
-0.480017
-0.456142
-0.424691
-0.387413
-0.346259
-0.303215
-0.260149
-0.218680
-0.180097
-0.145310
-0.114851
-0.088907
-0.067371
-0.049914
-0.036051
-0.025208
-0.016765
-0.010096
-0.004605
0.000000
0.000000
