0.000000
0.000000
0.000000
0.000000
0.000000
0.000000
0.000000
0.000000
0.000000
0.000000
0.000001
0.000002
0.000003
0.000006
0.000013
0.000025
0.000046
0.000086
0.000155
0.000275
0.000477
0.000809
0.001345
0.002189
0.003491
0.005454
0.008352
0.012535
0.018445
0.026612
0.037653
0.052257
0.071151
0.095058
0.124642
0.160432
0.202751
0.251639
0.306785
0.367480
0.432593
0.500580
0.569530
0.637244
0.701345
0.759414
0.809136
0.848440
0.875642
0.889551
0.889551
0.875642
0.848440
0.809136
0.759414
0.701345
0.637244
0.569530
0.500580
0.432593
0.367480
0.306785
0.251639
0.202751
0.160432
0.124642
0.095058
0.071151
0.052257
0.037653
0.026612
0.018445
0.012535
0.008352
0.005454
0.003491
0.002189
0.001345
0.000809
0.000477
0.000275
0.000155
0.000086
0.000046
0.000025
0.000013
0.000006
0.000003
0.000002
0.000001
0.000000
0.000000
0.000000
0.000000
0.000000
0.000000
0.000000
0.000000
0.000000
0.000000
