0.000000
0.000000
-0.000003
-0.000008
-0.000016
-0.000030
-0.000056
-0.000102
-0.000182
-0.000318
-0.000544
-0.000911
-0.001497
-0.002410
-0.003802
-0.005878
-0.008906
-0.013223
-0.019237
-0.027423
-0.038304
-0.052422
-0.070296
-0.092359
-0.118892
-0.149953
-0.185301
-0.224348
-0.266127
-0.309297
-0.352198
-0.392938
-0.429526
-0.460035
-0.482765
-0.496406
-0.500170
-0.493869
-0.477945
-0.453438
-0.421894
-0.385239
-0.345626
-0.305278
-0.266345
-0.230788
-0.200297
-0.176238
-0.159635
-0.151166
-0.151166
-0.159635
-0.176238
-0.200297
-0.230788
-0.266345
-0.305278
-0.345626
-0.385239
-0.421894
-0.453438
-0.477945
-0.493869
-0.500170
-0.496406
-0.482765
-0.460035
-0.429526
-0.392938
-0.352198
-0.309297
-0.266127
-0.224348
-0.185301
-0.149953
-0.118892
-0.092359
-0.070296
-0.052422
-0.038304
-0.027423
-0.019237
-0.013223
-0.008906
-0.005878
-0.003802
-0.002410
-0.001497
-0.000911
-0.000544
-0.000318
-0.000182
-0.000102
-0.000056
-0.000030
-0.000016
-0.000008
-0.000003
0.000000
0.000000
