0.000000
0.000000
-0.060357
-0.124385
-0.187270
-0.247769
-0.304714
-0.356776
-0.402515
-0.440488
-0.469388
-0.488189
-0.496281
-0.493559
-0.480472
-0.458007
-0.427612
-0.391080
-0.350397
-0.307582
-0.264536
-0.222916
-0.184052
-0.148896
-0.118025
-0.091666
-0.069758
-0.052014
-0.038000
-0.027201
-0.019078
-0.013109
-0.008826
-0.005822
-0.003762
-0.002382
-0.001477
-0.000898
-0.000534
-0.000311
-0.000178
-0.000099
-0.000054
-0.000029
-0.000015
-0.000008
-0.000004
-0.000002
-0.000001
-0.000001
-0.000001
-0.000001
-0.000002
-0.000004
-0.000008
-0.000015
-0.000029
-0.000054
-0.000099
-0.000178
-0.000311
-0.000534
-0.000898
-0.001477
-0.002382
-0.003762
-0.005822
-0.008826
-0.013109
-0.019078
-0.027201
-0.038000
-0.052014
-0.069758
-0.091666
-0.118025
-0.148896
-0.184052
-0.222916
-0.264536
-0.307582
-0.350397
-0.391080
-0.427612
-0.458007
-0.480472
-0.493559
-0.496281
-0.488189
-0.469388
-0.440488
-0.402515
-0.356776
-0.304714
-0.247769
-0.187270
-0.124385
-0.060357
0.000000
0.000000
