0.000000
0.000000
0.016289
0.034735
0.055239
0.078589
0.105449
0.136216
0.170956
0.209350
0.250664
0.293753
0.337102
0.378916
0.417236
0.450099
0.475710
0.492600
0.499774
0.496808
0.483888
0.461795
0.431824
0.395661
0.355224
0.312498
0.269378
0.227535
0.188323
0.152732
0.121374
0.094511
0.072110
0.053909
0.039488
0.028339
0.019926
0.013726
0.009263
0.006124
0.003965
0.002515
0.001562
0.000950
0.000566
0.000331
0.000190
0.000109
0.000066
0.000047
0.000047
0.000066
0.000109
0.000190
0.000331
0.000566
0.000950
0.001562
0.002515
0.003965
0.006124
0.009263
0.013726
0.019926
0.028339
0.039488
0.053909
0.072110
0.094511
0.121374
0.152732
0.188323
0.227535
0.269378
0.312498
0.355224
0.395661
0.431824
0.461795
0.483888
0.496808
0.499774
0.492600
0.475710
0.450099
0.417236
0.378916
0.337102
0.293753
0.250664
0.209350
0.170956
0.136216
0.105449
0.078589
0.055239
0.034735
0.016289
0.000000
0.000000
