0.000000
0.000000
-0.000000
-0.000000
-0.000000
-0.000000
-0.000000
-0.000000
-0.000000
-0.000000
-0.000001
-0.000001
-0.000003
-0.000006
-0.000012
-0.000022
-0.000042
-0.000078
-0.000142
-0.000252
-0.000437
-0.000744
-0.001239
-0.002023
-0.003238
-0.005079
-0.007809
-0.011771
-0.017396
-0.025211
-0.035833
-0.049960
-0.068335
-0.091714
-0.120800
-0.156178
-0.198230
-0.247062
-0.302422
-0.363650
-0.429639
-0.498843
-0.569314
-0.638781
-0.704764
-0.764713
-0.816171
-0.856927
-0.885175
-0.899631
-0.899631
-0.885175
-0.856927
-0.816171
-0.764713
-0.704764
-0.638781
-0.569314
-0.498843
-0.429639
-0.363650
-0.302422
-0.247062
-0.198230
-0.156178
-0.120800
-0.091714
-0.068335
-0.049960
-0.035833
-0.025211
-0.017396
-0.011771
-0.007809
-0.005079
-0.003238
-0.002023
-0.001239
-0.000744
-0.000437
-0.000252
-0.000142
-0.000078
-0.000042
-0.000022
-0.000012
-0.000006
-0.000003
-0.000001
-0.000001
-0.000000
-0.000000
-0.000000
-0.000000
-0.000000
-0.000000
-0.000000
-0.000000
0.000000
0.000000
