0.000000
0.000000
0.000000
0.000001
0.000003
0.000005
0.000010
0.000019
0.000036
0.000067
0.000121
0.000215
0.000374
0.000636
0.001061
0.001734
0.002777
0.004356
0.006695
0.010083
0.014877
0.021507
0.030463
0.042277
0.057487
0.076591
0.099982
0.127880
0.160261
0.196788
0.236764
0.279117
0.322418
0.364945
0.404789
0.440004
0.468768
0.489564
0.501334
0.503612
0.496588
0.481131
0.458728
0.431381
0.401444
0.371436
0.343845
0.320927
0.304541
0.296005
0.296005
0.304541
0.320927
0.343845
0.371436
0.401444
0.431381
0.458728
0.481131
0.496588
0.503612
0.501334
0.489564
0.468768
0.440004
0.404789
0.364945
0.322418
0.279117
0.236764
0.196788
0.160261
0.127880
0.099982
0.076591
0.057487
0.042277
0.030463
0.021507
0.014877
0.010083
0.006695
0.004356
0.002777
0.001734
0.001061
0.000636
0.000374
0.000215
0.000121
0.000067
0.000036
0.000019
0.000010
0.000005
0.000003
0.000001
0.000000
0.000000
0.000000
