0.000000
0.000000
0.000229
0.000534
0.000971
0.001632
0.002641
0.004162
0.006417
0.009686
0.014322
0.020749
0.029450
0.040954
0.055802
0.074496
0.097443
0.124884
0.156820
0.192946
0.232600
0.274740
0.317963
0.360554
0.400593
0.436091
0.465147
0.486118
0.497775
0.499415
0.490939
0.472858
0.446243
0.412617
0.373818
0.331824
0.288598
0.245934
0.205346
0.168000
0.134683
0.105817
0.081504
0.061589
0.045739
0.033516
0.024449
0.018094
0.014080
0.012142
0.012142
0.014080
0.018094
0.024449
0.033516
0.045739
0.061589
0.081504
0.105817
0.134683
0.168000
0.205346
0.245934
0.288598
0.331824
0.373818
0.412617
0.446243
0.472858
0.490939
0.499415
0.497775
0.486118
0.465147
0.436091
0.400593
0.360554
0.317963
0.274740
0.232600
0.192946
0.156820
0.124884
0.097443
0.074496
0.055802
0.040954
0.029450
0.020749
0.014322
0.009686
0.006417
0.004162
0.002641
0.001632
0.000971
0.000534
0.000229
0.000000
0.000000
