0.000000
0.000000
-0.000011
-0.000028
-0.000055
-0.000101
-0.000180
-0.000314
-0.000538
-0.000902
-0.001482
-0.002387
-0.003768
-0.005828
-0.008834
-0.013121
-0.019097
-0.027235
-0.038057
-0.052105
-0.069899
-0.091875
-0.118318
-0.149288
-0.184555
-0.223536
-0.265270
-0.308426
-0.351347
-0.392143
-0.428823
-0.459451
-0.482316
-0.496088
-0.499950
-0.493675
-0.477656
-0.452862
-0.420753
-0.383139
-0.342029
-0.299468
-0.257392
-0.217521
-0.181287
-0.149805
-0.123887
-0.104082
-0.090727
-0.084009
-0.084009
-0.090727
-0.104082
-0.123887
-0.149805
-0.181287
-0.217521
-0.257392
-0.299468
-0.342029
-0.383139
-0.420753
-0.452862
-0.477656
-0.493675
-0.499950
-0.496088
-0.482316
-0.459451
-0.428823
-0.392143
-0.351347
-0.308426
-0.265270
-0.223536
-0.184555
-0.149288
-0.118318
-0.091875
-0.069899
-0.052105
-0.038057
-0.027235
-0.019097
-0.013121
-0.008834
-0.005828
-0.003768
-0.002387
-0.001482
-0.000902
-0.000538
-0.000314
-0.000180
-0.000101
-0.000055
-0.000028
-0.000011
0.000000
0.000000
