0.000000
0.000000
0.000135
0.000318
0.000586
0.001003
0.001655
0.002661
0.004185
0.006446
0.009726
0.014377
0.020824
0.029550
0.041085
0.055968
0.074703
0.097694
0.125181
0.157161
0.193326
0.233011
0.275170
0.318395
0.360971
0.400975
0.436417
0.465400
0.486283
0.497841
0.499380
0.490804
0.472632
0.445938
0.412252
0.373412
0.331399
0.288174
0.245531
0.204985
0.167700
0.134467
0.105717
0.081565
0.061878
0.046356
0.034612
0.026241
0.020883
0.018275
0.018275
0.020883
0.026241
0.034612
0.046356
0.061878
0.081565
0.105717
0.134467
0.167700
0.204985
0.245531
0.288174
0.331399
0.373412
0.412252
0.445938
0.472632
0.490804
0.499380
0.497841
0.486283
0.465400
0.436417
0.400975
0.360971
0.318395
0.275170
0.233011
0.193326
0.157161
0.125181
0.097694
0.074703
0.055968
0.041085
0.029550
0.020824
0.014377
0.009726
0.006446
0.004185
0.002661
0.001655
0.001003
0.000586
0.000318
0.000135
0.000000
0.000000
