0.000000
0.000000
0.000498
0.001142
0.002029
0.003317
0.005209
0.007963
0.011902
0.017419
0.024974
0.035082
0.048287
0.065120
0.086045
0.111393
0.141287
0.175572
0.213754
0.254962
0.297947
0.341120
0.382633
0.420502
0.452760
0.477625
0.493664
0.499928
0.496045
0.482255
0.459391
0.428788
0.392159
0.351436
0.308602
0.265534
0.223880
0.184963
0.149736
0.118781
0.092333
0.070338
0.052521
0.038460
0.027659
0.019600
0.013800
0.009839
0.007388
0.006220
0.006220
0.007388
0.009839
0.013800
0.019600
0.027659
0.038460
0.052521
0.070338
0.092333
0.118781
0.149736
0.184963
0.223880
0.265534
0.308602
0.351436
0.392159
0.428788
0.459391
0.482255
0.496045
0.499928
0.493664
0.477625
0.452760
0.420502
0.382633
0.341120
0.297947
0.254962
0.213754
0.175572
0.141287
0.111393
0.086045
0.065120
0.048287
0.035082
0.024974
0.017419
0.011902
0.007963
0.005209
0.003317
0.002029
0.001142
0.000498
0.000000
0.000000
