0.000000
0.000000
-0.001664
-0.003727
-0.006392
-0.010004
-0.014968
-0.021740
-0.030831
-0.042780
-0.058132
-0.077381
-0.100916
-0.128951
-0.161449
-0.198061
-0.238080
-0.280416
-0.323625
-0.365965
-0.405502
-0.440251
-0.468337
-0.488162
-0.498555
-0.498886
-0.489133
-0.469876
-0.442251
-0.407830
-0.368478
-0.326185
-0.282900
-0.240391
-0.200134
-0.163245
-0.130461
-0.102151
-0.078367
-0.058907
-0.043386
-0.031312
-0.022148
-0.015359
-0.010453
-0.007001
-0.004648
-0.003116
-0.002203
-0.001779
-0.001779
-0.002203
-0.003116
-0.004648
-0.007001
-0.010453
-0.015359
-0.022148
-0.031312
-0.043386
-0.058907
-0.078367
-0.102151
-0.130461
-0.163245
-0.200134
-0.240391
-0.282900
-0.326185
-0.368478
-0.407830
-0.442251
-0.469876
-0.489133
-0.498886
-0.498555
-0.488162
-0.468337
-0.440251
-0.405502
-0.365965
-0.323625
-0.280416
-0.238080
-0.198061
-0.161449
-0.128951
-0.100916
-0.077381
-0.058132
-0.042780
-0.030831
-0.021740
-0.014968
-0.010004
-0.006392
-0.003727
-0.001664
0.000000
0.000000
