-0.000215
-0.000571
-0.001270
-0.002642
-0.005222
-0.009841
-0.017685
-0.030312
-0.049553
-0.077260
-0.114891
-0.162952
-0.220431
-0.284398
-0.349964
-0.410736
-0.459772
-0.490868
-0.499837
-0.485438
-0.449656
-0.397255
-0.334735
-0.269016
-0.206211
-0.150779
-0.105196
-0.070111
-0.044822
-0.027890
-0.017713
-0.012986
-0.012986
-0.017713
-0.027890
-0.044822
-0.070111
-0.105196
-0.150779
-0.206211
-0.269016
-0.334735
-0.397255
-0.449656
-0.485438
-0.499837
-0.490868
-0.459772
-0.410736
-0.349964
-0.284398
-0.220431
-0.162952
-0.114891
-0.077260
-0.049553
-0.030312
-0.017685
-0.009841
-0.005222
-0.002642
-0.001270
-0.000571
-0.000215
