-0.000000
-0.000001
-0.000004
-0.000010
-0.000027
-0.000069
-0.000168
-0.000392
-0.000871
-0.001848
-0.003738
-0.007212
-0.013271
-0.023291
-0.038987
-0.062243
-0.094777
-0.137647
-0.190671
-0.251921
-0.317492
-0.381707
-0.437867
-0.479440
-0.501453
-0.501714
-0.481525
-0.445646
-0.401509
-0.357859
-0.323141
-0.303972
-0.303972
-0.323141
-0.357859
-0.401509
-0.445646
-0.481525
-0.501714
-0.501453
-0.479440
-0.437867
-0.381707
-0.317492
-0.251921
-0.190671
-0.137647
-0.094777
-0.062243
-0.038987
-0.023291
-0.013271
-0.007212
-0.003738
-0.001848
-0.000871
-0.000392
-0.000168
-0.000069
-0.000027
-0.000010
-0.000004
-0.000001
-0.000000
