-0.029295
-0.062259
-0.101953
-0.150233
-0.207195
-0.270794
-0.336797
-0.399210
-0.451187
-0.486310
-0.499915
-0.490135
-0.458327
-0.408767
-0.347710
-0.282099
-0.218286
-0.161099
-0.113397
-0.076129
-0.048747
-0.029770
-0.017340
-0.009633
-0.005104
-0.002579
-0.001243
-0.000572
-0.000251
-0.000105
-0.000044
-0.000022
-0.000022
-0.000044
-0.000105
-0.000251
-0.000572
-0.001243
-0.002579
-0.005104
-0.009633
-0.017340
-0.029770
-0.048747
-0.076129
-0.113397
-0.161099
-0.218286
-0.282099
-0.347710
-0.408767
-0.458327
-0.490135
-0.499915
-0.486310
-0.451187
-0.399210
-0.336797
-0.270794
-0.207195
-0.150233
-0.101953
-0.062259
-0.029295
