0.000000
0.000000
0.000000
0.000000
0.000000
0.000000
0.000001
0.000002
0.000005
0.000013
0.000035
0.000090
0.000220
0.000512
0.001141
0.002428
0.004934
0.009581
0.017776
0.031520
0.053430
0.086592
0.134204
0.198940
0.282119
0.382805
0.497085
0.617819
0.735068
0.837301
0.913191
0.953663
0.953663
0.913191
0.837301
0.735068
0.617819
0.497085
0.382805
0.282119
0.198940
0.134204
0.086592
0.053430
0.031520
0.017776
0.009581
0.004934
0.002428
0.001141
0.000512
0.000220
0.000090
0.000035
0.000013
0.000005
0.000002
0.000001
0.000000
0.000000
0.000000
0.000000
0.000000
0.000000
