-0.073357
-0.147824
-0.223407
-0.298253
-0.368470
-0.428646
-0.472938
-0.496446
-0.496480
-0.473323
-0.430288
-0.373044
-0.308448
-0.243242
-0.182950
-0.131240
-0.089792
-0.058594
-0.036468
-0.021648
-0.012256
-0.006618
-0.003408
-0.001674
-0.000784
-0.000350
-0.000149
-0.000061
-0.000024
-0.000009
-0.000003
-0.000001
-0.000001
-0.000003
-0.000009
-0.000024
-0.000061
-0.000149
-0.000350
-0.000784
-0.001674
-0.003408
-0.006618
-0.012256
-0.021648
-0.036468
-0.058594
-0.089792
-0.131240
-0.182950
-0.243242
-0.308448
-0.373044
-0.430288
-0.473323
-0.496480
-0.496446
-0.472938
-0.428646
-0.368470
-0.298253
-0.223407
-0.147824
-0.073357
