-0.000635
-0.001614
-0.003385
-0.006609
-0.012253
-0.021647
-0.036468
-0.058594
-0.089792
-0.131240
-0.182951
-0.243245
-0.308457
-0.373068
-0.430351
-0.473477
-0.496841
-0.497252
-0.474655
-0.432137
-0.375238
-0.310766
-0.245472
-0.184933
-0.132884
-0.091075
-0.059548
-0.037171
-0.022218
-0.012873
-0.007574
-0.005209
-0.005209
-0.007574
-0.012873
-0.022218
-0.037171
-0.059548
-0.091075
-0.132884
-0.184933
-0.245472
-0.310766
-0.375238
-0.432137
-0.474655
-0.497252
-0.496841
-0.473477
-0.430351
-0.373068
-0.308457
-0.243245
-0.182951
-0.131240
-0.089792
-0.058594
-0.036468
-0.021647
-0.012253
-0.006609
-0.003385
-0.001614
-0.000635
