0.005746
0.013240
0.024342
0.041055
0.065407
0.099138
0.143227
0.197324
0.259272
0.324915
0.388350
0.442710
0.481344
0.499154
0.493690
0.465711
0.419006
0.359555
0.294274
0.229710
0.171022
0.121440
0.082246
0.053127
0.032730
0.019232
0.010779
0.005764
0.002944
0.001447
0.000712
0.000417
0.000417
0.000712
0.001447
0.002944
0.005764
0.010779
0.019232
0.032730
0.053127
0.082246
0.121440
0.171022
0.229710
0.294274
0.359555
0.419006
0.465711
0.493690
0.499154
0.481344
0.442710
0.388350
0.324915
0.259272
0.197324
0.143227
0.099138
0.065407
0.041055
0.024342
0.013240
0.005746
