-0.000000
-0.000000
-0.000001
-0.000003
-0.000007
-0.000020
-0.000052
-0.000129
-0.000305
-0.000689
-0.001482
-0.003041
-0.005951
-0.011108
-0.019774
-0.033574
-0.054372
-0.083988
-0.123749
-0.173936
-0.233248
-0.298488
-0.364661
-0.425607
-0.475112
-0.508303
-0.522927
-0.520122
-0.504373
-0.482577
-0.462419
-0.450457
-0.450457
-0.462419
-0.482577
-0.504373
-0.520122
-0.522927
-0.508303
-0.475112
-0.425607
-0.364661
-0.298488
-0.233248
-0.173936
-0.123749
-0.083988
-0.054372
-0.033574
-0.019774
-0.011108
-0.005951
-0.003041
-0.001482
-0.000689
-0.000305
-0.000129
-0.000052
-0.000020
-0.000007
-0.000003
-0.000001
-0.000000
-0.000000
