0.000000
0.000000
0.000000
0.000001
0.000004
0.000010
0.000028
0.000072
0.000176
0.000408
0.000906
0.001916
0.003868
0.007445
0.013668
0.023933
0.039974
0.063689
0.096799
0.140366
0.194237
0.256579
0.323718
0.390437
0.450796
0.499360
0.532519
0.549491
0.552631
0.546853
0.538256
0.532336
0.532336
0.538256
0.546853
0.552631
0.549491
0.532519
0.499360
0.450796
0.390437
0.323718
0.256579
0.194237
0.140366
0.096799
0.063689
0.039974
0.023933
0.013668
0.007445
0.003868
0.001916
0.000906
0.000408
0.000176
0.000072
0.000028
0.000010
0.000004
0.000001
0.000000
0.000000
0.000000
