0.129823
0.247400
0.342237
0.407048
0.438658
0.438187
0.410489
0.362982
0.304147
0.242063
0.183257
0.132096
0.090715
0.059374
0.037047
0.022041
0.012504
0.006765
0.003490
0.001717
0.000806
0.000361
0.000154
0.000063
0.000024
0.000009
0.000003
0.000001
0.000000
0.000000
0.000000
0.000000
0.000000
0.000000
0.000000
0.000000
0.000001
0.000003
0.000009
0.000024
0.000063
0.000154
0.000361
0.000806
0.001717
0.003490
0.006765
0.012504
0.022041
0.037047
0.059374
0.090715
0.132096
0.183257
0.242063
0.304147
0.362982
0.410489
0.438187
0.438658
0.407048
0.342237
0.247400
0.129823
