-0.000003
-0.000010
-0.000027
-0.000070
-0.000170
-0.000397
-0.000882
-0.001868
-0.003777
-0.007281
-0.013388
-0.023480
-0.039275
-0.062658
-0.095340
-0.138362
-0.191514
-0.252830
-0.318345
-0.382307
-0.437901
-0.478406
-0.498539
-0.495606
-0.470152
-0.425899
-0.369026
-0.307017
-0.247419
-0.196844
-0.160366
-0.141315
-0.141315
-0.160366
-0.196844
-0.247419
-0.307017
-0.369026
-0.425899
-0.470152
-0.495606
-0.498539
-0.478406
-0.437901
-0.382307
-0.318345
-0.252830
-0.191514
-0.138362
-0.095340
-0.062658
-0.039275
-0.023480
-0.013388
-0.007281
-0.003777
-0.001868
-0.000882
-0.000397
-0.000170
-0.000070
-0.000027
-0.000010
-0.000003
