-0.000001
-0.000002
-0.000007
-0.000019
-0.000050
-0.000124
-0.000293
-0.000662
-0.001428
-0.002937
-0.005761
-0.010778
-0.019232
-0.032730
-0.053127
-0.082247
-0.121442
-0.171026
-0.229722
-0.294304
-0.359631
-0.419192
-0.466142
-0.494643
-0.501163
-0.485386
-0.450464
-0.402543
-0.349688
-0.300514
-0.262811
-0.242407
-0.242407
-0.262811
-0.300514
-0.349688
-0.402543
-0.450464
-0.485386
-0.501163
-0.494643
-0.466142
-0.419192
-0.359631
-0.294304
-0.229722
-0.171026
-0.121442
-0.082247
-0.053127
-0.032730
-0.019232
-0.010778
-0.005761
-0.002937
-0.001428
-0.000662
-0.000293
-0.000124
-0.000050
-0.000019
-0.000007
-0.000002
-0.000001
