0.127830
0.245478
0.343830
0.415848
0.457414
0.467839
0.449880
0.409174
0.353190
0.289907
0.226554
0.168677
0.119700
0.080984
0.052244
0.032141
0.018857
0.010552
0.005631
0.002866
0.001391
0.000644
0.000284
0.000120
0.000048
0.000018
0.000007
0.000002
0.000001
0.000000
0.000000
0.000000
0.000000
0.000000
0.000000
0.000001
0.000002
0.000007
0.000018
0.000048
0.000120
0.000284
0.000644
0.001391
0.002866
0.005631
0.010552
0.018857
0.032141
0.052244
0.080984
0.119700
0.168677
0.226554
0.289907
0.353190
0.409174
0.449880
0.467839
0.457414
0.415848
0.343830
0.245478
0.127830
