0.000000
0.000000
0.000000
0.000001
0.000004
0.000011
0.000030
0.000076
0.000186
0.000431
0.000952
0.002009
0.004042
0.007756
0.014194
0.024779
0.041260
0.065533
0.099292
0.143532
0.197990
0.260702
0.327853
0.394112
0.453488
0.500577
0.531884
0.546817
0.547957
0.540446
0.530577
0.523985
0.523985
0.530577
0.540446
0.547957
0.546817
0.531884
0.500577
0.453488
0.394112
0.327853
0.260702
0.197990
0.143532
0.099292
0.065533
0.041260
0.024779
0.014194
0.007756
0.004042
0.002009
0.000952
0.000431
0.000186
0.000076
0.000030
0.000011
0.000004
0.000001
0.000000
0.000000
0.000000
