0.011516
0.025666
0.045030
0.071978
0.108352
0.155002
0.211263
0.274547
0.340262
0.402198
0.453425
0.487542
0.499987
0.489044
0.456225
0.405930
0.344481
0.278818
0.215238
0.158474
0.111285
0.074535
0.047613
0.029009
0.016857
0.009343
0.004939
0.002490
0.001199
0.000555
0.000255
0.000140
0.000140
0.000255
0.000555
0.001199
0.002490
0.004939
0.009343
0.016857
0.029009
0.047613
0.074535
0.111285
0.158474
0.215238
0.278818
0.344481
0.405930
0.456225
0.489044
0.499987
0.487542
0.453425
0.402198
0.340262
0.274547
0.211263
0.155002
0.108352
0.071978
0.045030
0.025666
0.011516
