-0.083632
-0.156486
-0.210062
-0.239752
-0.245374
-0.230584
-0.201481
-0.164930
-0.127089
-0.092486
-0.063708
-0.041610
-0.025800
-0.015201
-0.008517
-0.004541
-0.002304
-0.001113
-0.000513
-0.000225
-0.000094
-0.000037
-0.000014
-0.000005
-0.000002
-0.000001
-0.000000
-0.000000
-0.000000
-0.000000
-0.000000
-0.000000
-0.000000
-0.000000
-0.000000
-0.000000
-0.000000
-0.000000
-0.000001
-0.000002
-0.000005
-0.000014
-0.000037
-0.000094
-0.000225
-0.000513
-0.001113
-0.002304
-0.004541
-0.008517
-0.015201
-0.025800
-0.041610
-0.063708
-0.092486
-0.127089
-0.164930
-0.201481
-0.230584
-0.245374
-0.239752
-0.210062
-0.156486
-0.083632
