0.038201
0.080020
0.128260
0.184167
0.246881
0.313223
0.377945
0.434497
0.476230
0.497766
0.496194
0.471748
0.427768
0.369953
0.305158
0.240075
0.180139
0.128918
0.087995
0.057286
0.035569
0.021064
0.011898
0.006409
0.003293
0.001614
0.000754
0.000336
0.000143
0.000058
0.000023
0.000011
0.000011
0.000023
0.000058
0.000143
0.000336
0.000754
0.001614
0.003293
0.006409
0.011898
0.021064
0.035569
0.057286
0.087995
0.128918
0.180139
0.240075
0.305158
0.369953
0.427768
0.471748
0.496194
0.497766
0.476230
0.434497
0.377945
0.313223
0.246881
0.184167
0.128260
0.080020
0.038201
