-0.003861
-0.009062
-0.017090
-0.029665
-0.048705
-0.076114
-0.113391
-0.161097
-0.218286
-0.282099
-0.347710
-0.408767
-0.458327
-0.490136
-0.499919
-0.486323
-0.451223
-0.399300
-0.337015
-0.271294
-0.208293
-0.152528
-0.106528
-0.070962
-0.045084
-0.027320
-0.015790
-0.008708
-0.004589
-0.002330
-0.001188
-0.000718
-0.000718
-0.001188
-0.002330
-0.004589
-0.008708
-0.015790
-0.027320
-0.045084
-0.070962
-0.106528
-0.152528
-0.208293
-0.271294
-0.337015
-0.399300
-0.451223
-0.486323
-0.499919
-0.490136
-0.458327
-0.408767
-0.347710
-0.282099
-0.218286
-0.161097
-0.113391
-0.076114
-0.048705
-0.029665
-0.017090
-0.009062
-0.003861
