-0.049777
-0.102715
-0.160964
-0.224829
-0.292295
-0.359063
-0.419147
-0.465985
-0.493819
-0.499006
-0.480889
-0.441988
-0.387446
-0.323930
-0.258304
-0.196451
-0.142501
-0.098587
-0.065053
-0.040941
-0.024575
-0.014069
-0.007682
-0.004001
-0.001987
-0.000941
-0.000425
-0.000183
-0.000075
-0.000030
-0.000011
-0.000005
-0.000005
-0.000011
-0.000030
-0.000075
-0.000183
-0.000425
-0.000941
-0.001987
-0.004001
-0.007682
-0.014069
-0.024575
-0.040941
-0.065053
-0.098587
-0.142501
-0.196451
-0.258304
-0.323930
-0.387446
-0.441988
-0.480889
-0.499006
-0.493819
-0.465985
-0.419147
-0.359063
-0.292295
-0.224829
-0.160964
-0.102715
-0.049777
