-0.060485
-0.123373
-0.189961
-0.259597
-0.329329
-0.394160
-0.447922
-0.484569
-0.499584
-0.491087
-0.460351
-0.411562
-0.350924
-0.285383
-0.221352
-0.163749
-0.115535
-0.077749
-0.049901
-0.030547
-0.017835
-0.009932
-0.005275
-0.002672
-0.001291
-0.000595
-0.000261
-0.000110
-0.000044
-0.000017
-0.000006
-0.000003
-0.000003
-0.000006
-0.000017
-0.000044
-0.000110
-0.000261
-0.000595
-0.001291
-0.002672
-0.005275
-0.009932
-0.017835
-0.030547
-0.049901
-0.077749
-0.115535
-0.163749
-0.221352
-0.285383
-0.350924
-0.411562
-0.460351
-0.491087
-0.499584
-0.484569
-0.447922
-0.394160
-0.329329
-0.259597
-0.189961
-0.123373
-0.060485
