0.000000
0.000000
0.000000
0.000000
0.000001
0.000003
0.000008
0.000022
0.000058
0.000143
0.000336
0.000755
0.001615
0.003296
0.006419
0.011923
0.021130
0.035730
0.057662
0.088833
0.130700
0.183752
0.247061
0.318046
0.392624
0.465807
0.532623
0.589110
0.633038
0.664075
0.683321
0.692382
0.692382
0.683321
0.664075
0.633038
0.589110
0.532623
0.465807
0.392624
0.318046
0.247061
0.183752
0.130700
0.088833
0.057662
0.035730
0.021130
0.011923
0.006419
0.003296
0.001615
0.000755
0.000336
0.000143
0.000058
0.000022
0.000008
0.000003
0.000001
0.000000
0.000000
0.000000
0.000000
