0.021952
0.047365
0.079309
0.120012
0.170359
0.229418
0.294151
0.359505
0.418987
0.465704
0.493688
0.499153
0.481344
0.442710
0.388351
0.324916
0.259274
0.197328
0.143239
0.099168
0.065483
0.041241
0.024772
0.014192
0.007755
0.004041
0.002009
0.000952
0.000431
0.000187
0.000080
0.000041
0.000041
0.000080
0.000187
0.000431
0.000952
0.002009
0.004041
0.007755
0.014192
0.024772
0.041241
0.065483
0.099168
0.143239
0.197328
0.259274
0.324916
0.388351
0.442710
0.481344
0.499153
0.493688
0.465704
0.418987
0.359505
0.294151
0.229418
0.170359
0.120012
0.079309
0.047365
0.021952
