0.008066
0.018290
0.032881
0.054056
0.083830
0.123624
0.173738
0.232827
0.297569
0.362723
0.421699
0.467597
0.494518
0.498808
0.479874
0.440314
0.385336
0.321631
0.256046
0.194411
0.140788
0.097241
0.064058
0.040248
0.024119
0.013785
0.007515
0.003908
0.001941
0.000927
0.000442
0.000251
0.000251
0.000442
0.000927
0.001941
0.003908
0.007515
0.013785
0.024119
0.040248
0.064058
0.097241
0.140788
0.194411
0.256046
0.321631
0.385336
0.440314
0.479874
0.498808
0.494518
0.467597
0.421699
0.362723
0.297569
0.232827
0.173738
0.123624
0.083830
0.054056
0.032881
0.018290
0.008066
