-0.111752
-0.218217
-0.313936
-0.393384
-0.451494
-0.484508
-0.490865
-0.471779
-0.431241
-0.375389
-0.311408
-0.246280
-0.185724
-0.133565
-0.091607
-0.059923
-0.037384
-0.022244
-0.012624
-0.006833
-0.003527
-0.001737
-0.000816
-0.000365
-0.000156
-0.000064
-0.000025
-0.000009
-0.000003
-0.000001
-0.000000
-0.000000
-0.000000
-0.000000
-0.000001
-0.000003
-0.000009
-0.000025
-0.000064
-0.000156
-0.000365
-0.000816
-0.001737
-0.003527
-0.006833
-0.012624
-0.022244
-0.037384
-0.059923
-0.091607
-0.133565
-0.185724
-0.246280
-0.311408
-0.375389
-0.431241
-0.471779
-0.490865
-0.484508
-0.451494
-0.393384
-0.313936
-0.218217
-0.111752
