0.101090
0.199112
0.290398
0.370433
0.434180
0.476921
0.495367
0.488630
0.458704
0.410249
0.349753
0.284311
0.220396
0.162939
0.114887
0.077259
0.049552
0.030312
0.017685
0.009841
0.005223
0.002644
0.001276
0.000588
0.000258
0.000108
0.000043
0.000016
0.000006
0.000002
0.000001
0.000000
0.000000
0.000001
0.000002
0.000006
0.000016
0.000043
0.000108
0.000258
0.000588
0.001276
0.002644
0.005223
0.009841
0.017685
0.030312
0.049552
0.077259
0.114887
0.162939
0.220396
0.284311
0.349753
0.410249
0.458704
0.488630
0.495367
0.476921
0.434180
0.370433
0.290398
0.199112
0.101090
