-0.000006
-0.000018
-0.000047
-0.000118
-0.000281
-0.000637
-0.001376
-0.002836
-0.005577
-0.010458
-0.018704
-0.031907
-0.051914
-0.080559
-0.119231
-0.168308
-0.226602
-0.290980
-0.356373
-0.416284
-0.463790
-0.492837
-0.499520
-0.482956
-0.445514
-0.392332
-0.330277
-0.266691
-0.208267
-0.160324
-0.126562
-0.109184
-0.109184
-0.126562
-0.160324
-0.208267
-0.266691
-0.330277
-0.392332
-0.445514
-0.482956
-0.499520
-0.492837
-0.463790
-0.416284
-0.356373
-0.290980
-0.226602
-0.168308
-0.119231
-0.080559
-0.051914
-0.031907
-0.018704
-0.010458
-0.005577
-0.002836
-0.001376
-0.000637
-0.000281
-0.000118
-0.000047
-0.000018
-0.000006
