0.000000
0.000000
0.000000
0.000000
0.000000
0.000001
0.000002
0.000006
0.000017
0.000044
0.000110
0.000263
0.000599
0.001304
0.002706
0.005361
0.010140
0.018316
0.031604
0.052115
0.082174
0.123973
0.179092
0.247962
0.329403
0.420377
0.516079
0.610368
0.696476
0.767827
0.818804
0.845352
0.845352
0.818804
0.767827
0.696476
0.610368
0.516079
0.420377
0.329403
0.247962
0.179092
0.123973
0.082174
0.052115
0.031604
0.018316
0.010140
0.005361
0.002706
0.001304
0.000599
0.000263
0.000110
0.000044
0.000017
0.000006
0.000002
0.000001
0.000000
0.000000
0.000000
0.000000
0.000000
