-0.074682
-0.150318
-0.226767
-0.302049
-0.372188
-0.431757
-0.474976
-0.497093
-0.495620
-0.471061
-0.426921
-0.368989
-0.304159
-0.239123
-0.179299
-0.128226
-0.087461
-0.056897
-0.035303
-0.020892
-0.011792
-0.006348
-0.003259
-0.001596
-0.000745
-0.000332
-0.000141
-0.000057
-0.000022
-0.000008
-0.000003
-0.000001
-0.000001
-0.000003
-0.000008
-0.000022
-0.000057
-0.000141
-0.000332
-0.000745
-0.001596
-0.003259
-0.006348
-0.011792
-0.020892
-0.035303
-0.056897
-0.087461
-0.128226
-0.179299
-0.239123
-0.304159
-0.368989
-0.426921
-0.471061
-0.495620
-0.497093
-0.474976
-0.431757
-0.372188
-0.302049
-0.226767
-0.150318
-0.074682
