0.000041
0.000117
0.000284
0.000644
0.001391
0.002866
0.005631
0.010553
0.018861
0.032152
0.052275
0.081063
0.119891
0.169120
0.227533
0.291967
0.357328
0.417101
0.464363
0.493078
0.499362
0.482346
0.444375
0.390478
0.327290
0.261730
0.199825
0.145948
0.102593
0.070632
0.049874
0.039721
0.039721
0.049874
0.070632
0.102593
0.145948
0.199825
0.261730
0.327290
0.390478
0.444375
0.482346
0.499362
0.493078
0.464363
0.417101
0.357328
0.291967
0.227533
0.169120
0.119891
0.081063
0.052275
0.032152
0.018861
0.010553
0.005631
0.002866
0.001391
0.000644
0.000284
0.000117
0.000041
