-0.000124
-0.000338
-0.000772
-0.001655
-0.003373
-0.006555
-0.012148
-0.021471
-0.036196
-0.058199
-0.089250
-0.130541
-0.182105
-0.242292
-0.307468
-0.372135
-0.429580
-0.472965
-0.496656
-0.497420
-0.475153
-0.432898
-0.376168
-0.311764
-0.246452
-0.185847
-0.133744
-0.091981
-0.060741
-0.039122
-0.025772
-0.019457
-0.019457
-0.025772
-0.039122
-0.060741
-0.091981
-0.133744
-0.185847
-0.246452
-0.311764
-0.376168
-0.432898
-0.475153
-0.497420
-0.496656
-0.472965
-0.429580
-0.372135
-0.307468
-0.242292
-0.182105
-0.130541
-0.089250
-0.058199
-0.036196
-0.021471
-0.012148
-0.006555
-0.003373
-0.001655
-0.000772
-0.000338
-0.000124
