-0.103557
-0.194418
-0.262431
-0.301834
-0.311942
-0.296602
-0.262724
-0.218401
-0.171188
-0.126917
-0.089193
-0.059509
-0.037737
-0.022763
-0.013070
-0.007146
-0.003722
-0.001847
-0.000874
-0.000394
-0.000169
-0.000069
-0.000027
-0.000010
-0.000004
-0.000001
-0.000000
-0.000000
-0.000000
-0.000000
-0.000000
-0.000000
-0.000000
-0.000000
-0.000000
-0.000000
-0.000000
-0.000000
-0.000001
-0.000004
-0.000010
-0.000027
-0.000069
-0.000169
-0.000394
-0.000874
-0.001847
-0.003722
-0.007146
-0.013070
-0.022763
-0.037737
-0.059509
-0.089193
-0.126917
-0.171188
-0.218401
-0.262724
-0.296602
-0.311942
-0.301834
-0.262431
-0.194418
-0.103557
