-0.000003
-0.000009
-0.000026
-0.000066
-0.000161
-0.000376
-0.000838
-0.001782
-0.003613
-0.006987
-0.012887
-0.022671
-0.038038
-0.060871
-0.092907
-0.135247
-0.187780
-0.248664
-0.314064
-0.378329
-0.434680
-0.476354
-0.497934
-0.496539
-0.472506
-0.429383
-0.373246
-0.311568
-0.251972
-0.201204
-0.164487
-0.145281
-0.145281
-0.164487
-0.201204
-0.251972
-0.311568
-0.373246
-0.429383
-0.472506
-0.496539
-0.497934
-0.476354
-0.434680
-0.378329
-0.314064
-0.248664
-0.187780
-0.135247
-0.092907
-0.060871
-0.038038
-0.022671
-0.012887
-0.006987
-0.003613
-0.001782
-0.000838
-0.000376
-0.000161
-0.000066
-0.000026
-0.000009
-0.000003
