0.003706
0.008714
0.016477
0.028685
0.047238
0.074047
0.110652
0.157689
0.214326
0.277835
0.343510
0.405073
0.455585
0.488706
0.499996
0.487897
0.454078
0.403065
0.341241
0.275543
0.212206
0.155873
0.109200
0.072965
0.046500
0.028264
0.016387
0.009065
0.004792
0.002441
0.001249
0.000758
0.000758
0.001249
0.002441
0.004792
0.009065
0.016387
0.028264
0.046500
0.072965
0.109200
0.155873
0.212206
0.275543
0.341241
0.403065
0.454078
0.487897
0.499996
0.488706
0.455585
0.405073
0.343510
0.277835
0.214326
0.157689
0.110652
0.074047
0.047238
0.028685
0.016477
0.008714
0.003706
