-0.126191
-0.239033
-0.327424
-0.384257
-0.407301
-0.399076
-0.365827
-0.315919
-0.258103
-0.200028
-0.147311
-0.103213
-0.068853
-0.043757
-0.026501
-0.015299
-0.008421
-0.004419
-0.002212
-0.001055
-0.000480
-0.000209
-0.000086
-0.000034
-0.000013
-0.000005
-0.000002
-0.000001
-0.000000
-0.000000
-0.000000
-0.000000
-0.000000
-0.000000
-0.000000
-0.000000
-0.000001
-0.000002
-0.000005
-0.000013
-0.000034
-0.000086
-0.000209
-0.000480
-0.001055
-0.002212
-0.004419
-0.008421
-0.015299
-0.026501
-0.043757
-0.068853
-0.103213
-0.147311
-0.200028
-0.258103
-0.315919
-0.365827
-0.399076
-0.407301
-0.384257
-0.327424
-0.239033
-0.126191
