-0.030115
-0.063906
-0.104422
-0.153470
-0.211054
-0.275015
-0.341011
-0.402969
-0.454040
-0.487882
-0.499991
-0.488704
-0.455585
-0.405073
-0.343510
-0.277835
-0.214326
-0.157691
-0.110657
-0.074062
-0.047277
-0.028784
-0.016714
-0.009257
-0.004890
-0.002464
-0.001184
-0.000543
-0.000237
-0.000099
-0.000041
-0.000020
-0.000020
-0.000041
-0.000099
-0.000237
-0.000543
-0.001184
-0.002464
-0.004890
-0.009257
-0.016714
-0.028784
-0.047277
-0.074062
-0.110657
-0.157691
-0.214326
-0.277835
-0.343510
-0.405073
-0.455585
-0.488704
-0.499991
-0.487882
-0.454040
-0.402969
-0.341011
-0.275015
-0.211054
-0.153470
-0.104422
-0.063906
-0.030115
