-0.118064
-0.222604
-0.302606
-0.351444
-0.367694
-0.354764
-0.319566
-0.270689
-0.216577
-0.164158
-0.118108
-0.080770
-0.052553
-0.032555
-0.019210
-0.010801
-0.005788
-0.002957
-0.001440
-0.000669
-0.000296
-0.000125
-0.000050
-0.000019
-0.000007
-0.000002
-0.000001
-0.000000
-0.000000
-0.000000
-0.000000
-0.000000
-0.000000
-0.000000
-0.000000
-0.000000
-0.000000
-0.000001
-0.000002
-0.000007
-0.000019
-0.000050
-0.000125
-0.000296
-0.000669
-0.001440
-0.002957
-0.005788
-0.010801
-0.019210
-0.032555
-0.052553
-0.080770
-0.118108
-0.164158
-0.216577
-0.270689
-0.319566
-0.354764
-0.367694
-0.351444
-0.302606
-0.222604
-0.118064
