-0.000000
-0.000001
-0.000002
-0.000005
-0.000015
-0.000040
-0.000100
-0.000240
-0.000549
-0.001197
-0.002490
-0.004939
-0.009343
-0.016857
-0.029009
-0.047615
-0.074540
-0.111300
-0.158511
-0.215332
-0.279045
-0.345002
-0.407070
-0.458602
-0.493775
-0.508964
-0.503788
-0.481469
-0.448370
-0.412766
-0.383141
-0.366397
-0.366397
-0.383141
-0.412766
-0.448370
-0.481469
-0.503788
-0.508964
-0.493775
-0.458602
-0.407070
-0.345002
-0.279045
-0.215332
-0.158511
-0.111300
-0.074540
-0.047615
-0.029009
-0.016857
-0.009343
-0.004939
-0.002490
-0.001197
-0.000549
-0.000240
-0.000100
-0.000040
-0.000015
-0.000005
-0.000002
-0.000001
-0.000000
