-0.022618
-0.048727
-0.081405
-0.122853
-0.173887
-0.233465
-0.298430
-0.363619
-0.422481
-0.468146
-0.494752
-0.498692
-0.479423
-0.439588
-0.384427
-0.320645
-0.255080
-0.193540
-0.140057
-0.096668
-0.063636
-0.039954
-0.023926
-0.013665
-0.007444
-0.003867
-0.001916
-0.000906
-0.000409
-0.000177
-0.000076
-0.000039
-0.000039
-0.000076
-0.000177
-0.000409
-0.000906
-0.001916
-0.003867
-0.007444
-0.013665
-0.023926
-0.039954
-0.063636
-0.096668
-0.140057
-0.193540
-0.255080
-0.320645
-0.384427
-0.439588
-0.479423
-0.498692
-0.494752
-0.468146
-0.422481
-0.363619
-0.298430
-0.233465
-0.173887
-0.122853
-0.081405
-0.048727
-0.022618
