0.088057
0.175257
0.259815
0.338467
0.406548
0.458731
0.490211
0.497969
0.481698
0.444079
0.390328
0.327163
0.261520
0.199375
0.144967
0.100532
0.066494
0.041947
0.025238
0.014483
0.007927
0.004138
0.002060
0.000978
0.000443
0.000191
0.000079
0.000031
0.000012
0.000004
0.000001
0.000001
0.000001
0.000001
0.000004
0.000012
0.000031
0.000079
0.000191
0.000443
0.000978
0.002060
0.004138
0.007927
0.014483
0.025238
0.041947
0.066494
0.100532
0.144967
0.199375
0.261520
0.327163
0.390328
0.444079
0.481698
0.497969
0.490211
0.458731
0.406548
0.338467
0.259815
0.175257
0.088057
