0.000023
0.000065
0.000163
0.000381
0.000848
0.001801
0.003650
0.007054
0.013001
0.022855
0.038321
0.061280
0.093465
0.135962
0.188638
0.249623
0.315050
0.379242
0.435407
0.476779
0.497944
0.496009
0.471247
0.427045
0.369156
0.304501
0.239872
0.180896
0.131485
0.093809
0.068689
0.056195
0.056195
0.068689
0.093809
0.131485
0.180896
0.239872
0.304501
0.369156
0.427045
0.471247
0.496009
0.497944
0.476779
0.435407
0.379242
0.315050
0.249623
0.188638
0.135962
0.093465
0.061280
0.038321
0.022855
0.013001
0.007054
0.003650
0.001801
0.000848
0.000381
0.000163
0.000065
0.000023
