0.002539
0.006073
0.011755
0.021006
0.035547
0.057277
0.087992
0.128917
0.180139
0.240075
0.305159
0.369953
0.427769
0.471752
0.496203
0.497791
0.476296
0.434658
0.378321
0.314062
0.248663
0.187780
0.135247
0.092907
0.060872
0.038039
0.022674
0.012896
0.007012
0.003679
0.001943
0.001214
0.001214
0.001943
0.003679
0.007012
0.012896
0.022674
0.038039
0.060872
0.092907
0.135247
0.187780
0.248663
0.314062
0.378321
0.434658
0.476296
0.497791
0.496203
0.471752
0.427769
0.369953
0.305159
0.240075
0.180139
0.128917
0.087992
0.057277
0.035547
0.021006
0.011755
0.006073
0.002539
