-0.000384
-0.000995
-0.002146
-0.004318
-0.008254
-0.015036
-0.026123
-0.043284
-0.068403
-0.103102
-0.148217
-0.203222
-0.265757
-0.331468
-0.394311
-0.447381
-0.484127
-0.499668
-0.491865
-0.461798
-0.413523
-0.353175
-0.287688
-0.223510
-0.165624
-0.117065
-0.078942
-0.050836
-0.031371
-0.018801
-0.011471
-0.008136
-0.008136
-0.011471
-0.018801
-0.031371
-0.050836
-0.078942
-0.117065
-0.165624
-0.223510
-0.287688
-0.353175
-0.413523
-0.461798
-0.491865
-0.499668
-0.484127
-0.447381
-0.394311
-0.331468
-0.265757
-0.203222
-0.148217
-0.103102
-0.068403
-0.043284
-0.026123
-0.015036
-0.008254
-0.004318
-0.002146
-0.000995
-0.000384
