0.116871
0.220251
0.299175
0.347091
0.362656
0.349349
0.314119
0.265539
0.211992
0.160306
0.115051
0.078477
0.050924
0.031459
0.018510
0.010378
0.005545
0.002824
0.001372
0.000635
0.000280
0.000118
0.000047
0.000018
0.000007
0.000002
0.000001
0.000000
0.000000
0.000000
0.000000
0.000000
0.000000
0.000000
0.000000
0.000000
0.000000
0.000001
0.000002
0.000007
0.000018
0.000047
0.000118
0.000280
0.000635
0.001372
0.002824
0.005545
0.010378
0.018510
0.031459
0.050924
0.078477
0.115051
0.160306
0.211992
0.265539
0.314119
0.349349
0.362656
0.347091
0.299175
0.220251
0.116871
