-0.000012
-0.000036
-0.000091
-0.000220
-0.000507
-0.001110
-0.002319
-0.004621
-0.008784
-0.015925
-0.027535
-0.045408
-0.071420
-0.107141
-0.153296
-0.209193
-0.272274
-0.337992
-0.400174
-0.451890
-0.486700
-0.499962
-0.489856
-0.457804
-0.408166
-0.347307
-0.282343
-0.219922
-0.165363
-0.122306
-0.092843
-0.077944
-0.077944
-0.092843
-0.122306
-0.165363
-0.219922
-0.282343
-0.347307
-0.408166
-0.457804
-0.489856
-0.499962
-0.486700
-0.451890
-0.400174
-0.337992
-0.272274
-0.209193
-0.153296
-0.107141
-0.071420
-0.045408
-0.027535
-0.015925
-0.008784
-0.004621
-0.002319
-0.001110
-0.000507
-0.000220
-0.000091
-0.000036
-0.000012
