0.059106
0.110328
0.147508
0.167421
0.170132
0.158504
0.137107
0.110948
0.084398
0.060552
0.041071
0.026382
0.016070
0.009291
0.005103
0.002665
0.001323
0.000625
0.000281
0.000120
0.000049
0.000019
0.000007
0.000002
0.000001
0.000000
0.000000
0.000000
0.000000
0.000000
0.000000
0.000000
0.000000
0.000000
0.000000
0.000000
0.000000
0.000000
0.000000
0.000001
0.000002
0.000007
0.000019
0.000049
0.000120
0.000281
0.000625
0.001323
0.002665
0.005103
0.009291
0.016070
0.026382
0.041071
0.060552
0.084398
0.110948
0.137107
0.158504
0.170132
0.167421
0.147508
0.110328
0.059106
