0.000011
0.000034
0.000086
0.000209
0.000481
0.001056
0.002214
0.004425
0.008437
0.015343
0.026610
0.044018
0.069448
0.104504
0.149983
0.205303
0.268035
0.333755
0.396375
0.448980
0.485056
0.499809
0.491217
0.460494
0.411836
0.351524
0.286675
0.224024
0.169024
0.125467
0.095584
0.080449
0.080449
0.095584
0.125467
0.169024
0.224024
0.286675
0.351524
0.411836
0.460494
0.491217
0.499809
0.485056
0.448980
0.396375
0.333755
0.268035
0.205303
0.149983
0.104504
0.069448
0.044018
0.026610
0.015343
0.008437
0.004425
0.002214
0.001056
0.000481
0.000209
0.000086
0.000034
0.000011
