-0.039178
-0.081952
-0.131081
-0.187738
-0.250961
-0.317461
-0.381903
-0.437709
-0.478282
-0.498377
-0.495278
-0.469431
-0.424359
-0.365877
-0.300870
-0.235973
-0.176518
-0.125938
-0.085697
-0.055618
-0.034428
-0.020326
-0.011445
-0.006147
-0.003148
-0.001538
-0.000717
-0.000319
-0.000135
-0.000055
-0.000022
-0.000010
-0.000010
-0.000022
-0.000055
-0.000135
-0.000319
-0.000717
-0.001538
-0.003148
-0.006147
-0.011445
-0.020326
-0.034428
-0.055618
-0.085697
-0.125938
-0.176518
-0.235973
-0.300870
-0.365877
-0.424359
-0.469431
-0.495278
-0.498377
-0.478282
-0.437709
-0.381903
-0.317461
-0.250961
-0.187738
-0.131081
-0.081952
-0.039178
