0.001562
0.003817
0.007607
0.014039
0.024564
0.040937
0.065052
0.098587
0.142500
0.196451
0.258305
0.323931
0.387449
0.441995
0.480909
0.499056
0.493945
0.466282
0.419817
0.360507
0.295263
0.230646
0.171840
0.122109
0.082758
0.053497
0.032988
0.019412
0.010926
0.005943
0.003265
0.002114
0.002114
0.003265
0.005943
0.010926
0.019412
0.032988
0.053497
0.082758
0.122109
0.171840
0.230646
0.295263
0.360507
0.419817
0.466282
0.493945
0.499056
0.480909
0.441995
0.387449
0.323931
0.258305
0.196451
0.142500
0.098587
0.065052
0.040937
0.024564
0.014039
0.007607
0.003817
0.001562
