-0.001502
-0.002799
-0.003730
-0.004214
-0.004257
-0.003937
-0.003377
-0.002706
-0.002036
-0.001443
-0.000965
-0.000611
-0.000366
-0.000208
-0.000112
-0.000058
-0.000028
-0.000013
-0.000006
-0.000002
-0.000001
-0.000000
-0.000000
-0.000000
-0.000000
-0.000000
-0.000000
-0.000000
-0.000000
-0.000000
-0.000000
-0.000000
-0.000000
-0.000000
-0.000000
-0.000000
-0.000000
-0.000000
-0.000000
-0.000000
-0.000000
-0.000000
-0.000000
-0.000001
-0.000002
-0.000006
-0.000013
-0.000028
-0.000058
-0.000112
-0.000208
-0.000366
-0.000611
-0.000965
-0.001443
-0.002036
-0.002706
-0.003377
-0.003937
-0.004257
-0.004214
-0.003730
-0.002799
-0.001502
