0.008367
0.018939
0.033963
0.055677
0.086087
0.126566
0.177329
0.236910
0.301857
0.366820
0.425152
0.469977
0.495508
0.498272
0.477885
0.437142
0.381384
0.317355
0.251866
0.190649
0.137639
0.094774
0.062242
0.038987
0.023291
0.013271
0.007212
0.003739
0.001852
0.000881
0.000419
0.000237
0.000237
0.000419
0.000881
0.001852
0.003739
0.007212
0.013271
0.023291
0.038987
0.062242
0.094774
0.137639
0.190649
0.251866
0.317355
0.381384
0.437142
0.477885
0.498272
0.495508
0.469977
0.425152
0.366820
0.301857
0.236910
0.177329
0.126566
0.086087
0.055677
0.033963
0.018939
0.008367
