-0.000000
-0.000000
-0.000000
-0.000001
-0.000002
-0.000006
-0.000016
-0.000042
-0.000105
-0.000251
-0.000572
-0.001243
-0.002580
-0.005106
-0.009638
-0.017354
-0.029806
-0.048837
-0.076347
-0.113898
-0.162197
-0.220581
-0.286674
-0.356414
-0.424556
-0.485646
-0.535220
-0.570881
-0.592851
-0.603751
-0.607593
-0.608309
-0.608309
-0.607593
-0.603751
-0.592851
-0.570881
-0.535220
-0.485646
-0.424556
-0.356414
-0.286674
-0.220581
-0.162197
-0.113898
-0.076347
-0.048837
-0.029806
-0.017354
-0.009638
-0.005106
-0.002580
-0.001243
-0.000572
-0.000251
-0.000105
-0.000042
-0.000016
-0.000006
-0.000002
-0.000001
-0.000000
-0.000000
-0.000000
