-0.000001
-0.000005
-0.000013
-0.000036
-0.000090
-0.000218
-0.000500
-0.001097
-0.002294
-0.004576
-0.008703
-0.015789
-0.027319
-0.045084
-0.070962
-0.106529
-0.152528
-0.208295
-0.271300
-0.337031
-0.399342
-0.451328
-0.486574
-0.500491
-0.491380
-0.460907
-0.413871
-0.357344
-0.299439
-0.248056
-0.209846
-0.189527
-0.189527
-0.209846
-0.248056
-0.299439
-0.357344
-0.413871
-0.460907
-0.491380
-0.500491
-0.486574
-0.451328
-0.399342
-0.337031
-0.271300
-0.208295
-0.152528
-0.106529
-0.070962
-0.045084
-0.027319
-0.015789
-0.008703
-0.004576
-0.002294
-0.001097
-0.000500
-0.000218
-0.000090
-0.000036
-0.000013
-0.000005
-0.000001
