0.000021
0.000062
0.000154
0.000361
0.000806
0.001718
0.003491
0.006768
0.012513
0.022064
0.037108
0.059524
0.091066
0.132881
0.184931
0.245471
0.310766
0.375238
0.432137
0.474656
0.497256
0.496849
0.473501
0.430412
0.373217
0.308808
0.244029
0.184625
0.134648
0.096410
0.070850
0.058116
0.058116
0.070850
0.096410
0.134648
0.184625
0.244029
0.308808
0.373217
0.430412
0.473501
0.496849
0.497256
0.474656
0.432137
0.375238
0.310766
0.245471
0.184931
0.132881
0.091066
0.059524
0.037108
0.022064
0.012513
0.006768
0.003491
0.001718
0.000806
0.000361
0.000154
0.000062
0.000021
