0.129889
0.247687
0.342998
0.408540
0.441044
0.441475
0.414515
0.367450
0.308702
0.246363
0.187042
0.135217
0.093133
0.061139
0.038263
0.022833
0.012993
0.007051
0.003649
0.001801
0.000848
0.000381
0.000163
0.000067
0.000026
0.000010
0.000003
0.000001
0.000000
0.000000
0.000000
0.000000
0.000000
0.000000
0.000000
0.000000
0.000001
0.000003
0.000010
0.000026
0.000067
0.000163
0.000381
0.000848
0.001801
0.003649
0.007051
0.012993
0.022833
0.038263
0.061139
0.093133
0.135217
0.187042
0.246363
0.308702
0.367450
0.414515
0.441475
0.441044
0.408540
0.342998
0.247687
0.129889
