0.000000
0.000000
0.000000
0.000000
0.000000
0.000000
0.000001
0.000003
0.000009
0.000024
0.000062
0.000153
0.000360
0.000809
0.001737
0.003562
0.006979
0.013062
0.023365
0.039959
0.065362
0.102305
0.153304
0.220059
0.302769
0.399523
0.505949
0.615282
0.718949
0.807606
0.872490
0.906792
0.906792
0.872490
0.807606
0.718949
0.615282
0.505949
0.399523
0.302769
0.220059
0.153304
0.102305
0.065362
0.039959
0.023365
0.013062
0.006979
0.003562
0.001737
0.000809
0.000360
0.000153
0.000062
0.000024
0.000009
0.000003
0.000001
0.000000
0.000000
0.000000
0.000000
0.000000
0.000000
