0.121447
0.235073
0.333475
0.410219
0.460555
0.482151
0.475596
0.444433
0.394611
0.333457
0.268424
0.205940
0.150636
0.105065
0.069883
0.044330
0.026819
0.015475
0.008516
0.004470
0.002238
0.001068
0.000487
0.000211
0.000088
0.000035
0.000013
0.000005
0.000002
0.000001
0.000000
0.000000
0.000000
0.000000
0.000001
0.000002
0.000005
0.000013
0.000035
0.000088
0.000211
0.000487
0.001068
0.002238
0.004470
0.008516
0.015475
0.026819
0.044330
0.069883
0.105065
0.150636
0.205940
0.268424
0.333457
0.394611
0.444433
0.475596
0.482151
0.460555
0.410219
0.333475
0.235073
0.121447
