-0.000000
-0.000000
-0.000000
-0.000000
-0.000000
-0.000000
-0.000000
-0.000001
-0.000003
-0.000008
-0.000021
-0.000056
-0.000143
-0.000346
-0.000799
-0.001763
-0.003712
-0.007461
-0.014311
-0.026202
-0.045788
-0.076374
-0.121596
-0.184791
-0.268060
-0.371175
-0.490597
-0.618976
-0.745469
-0.857027
-0.940524
-0.985274
-0.985274
-0.940524
-0.857027
-0.745469
-0.618976
-0.490597
-0.371175
-0.268060
-0.184791
-0.121596
-0.076374
-0.045788
-0.026202
-0.014311
-0.007461
-0.003712
-0.001763
-0.000799
-0.000346
-0.000143
-0.000056
-0.000021
-0.000008
-0.000003
-0.000001
-0.000000
-0.000000
-0.000000
-0.000000
-0.000000
-0.000000
-0.000000
