-0.099828
-0.196823
-0.287514
-0.367506
-0.431783
-0.475544
-0.495327
-0.490018
-0.461380
-0.413892
-0.353935
-0.288592
-0.224402
-0.166410
-0.117696
-0.079392
-0.051077
-0.031341
-0.018342
-0.010238
-0.005451
-0.002768
-0.001340
-0.000619
-0.000273
-0.000115
-0.000046
-0.000018
-0.000006
-0.000002
-0.000001
-0.000000
-0.000000
-0.000001
-0.000002
-0.000006
-0.000018
-0.000046
-0.000115
-0.000273
-0.000619
-0.001340
-0.002768
-0.005451
-0.010238
-0.018342
-0.031341
-0.051077
-0.079392
-0.117696
-0.166410
-0.224402
-0.288592
-0.353935
-0.413892
-0.461380
-0.490018
-0.495327
-0.475544
-0.431783
-0.367506
-0.287514
-0.196823
-0.099828
