0.016079
0.035248
0.060394
0.093903
0.137247
0.190481
0.251797
0.317328
0.381374
0.437138
0.477884
0.498271
0.495508
0.469977
0.425152
0.366821
0.301860
0.236918
0.177350
0.126622
0.086224
0.056000
0.034689
0.020494
0.011548
0.006206
0.003181
0.001556
0.000726
0.000325
0.000145
0.000077
0.000077
0.000145
0.000325
0.000726
0.001556
0.003181
0.006206
0.011548
0.020494
0.034689
0.056000
0.086224
0.126622
0.177350
0.236918
0.301860
0.366821
0.425152
0.469977
0.495508
0.498271
0.477884
0.437138
0.381374
0.317328
0.251797
0.190481
0.137247
0.093903
0.060394
0.035248
0.016079
