0.000982
0.002449
0.005013
0.009530
0.017188
0.029538
0.048404
0.075648
0.112761
0.160309
0.217370
0.281114
0.346743
0.407919
0.457701
0.489815
0.499946
0.486694
0.451888
0.400173
0.337992
0.272274
0.209193
0.153296
0.107143
0.071425
0.045421
0.027571
0.016016
0.009005
0.005128
0.003429
0.003429
0.005128
0.009005
0.016016
0.027571
0.045421
0.071425
0.107143
0.153296
0.209193
0.272274
0.337992
0.400173
0.451888
0.486694
0.499946
0.489815
0.457701
0.407919
0.346743
0.281114
0.217370
0.160309
0.112761
0.075648
0.048404
0.029538
0.017188
0.009530
0.005013
0.002449
0.000982
