0.000000
0.000000
0.000000
0.000000
0.000000
0.000000
0.000000
0.000001
0.000004
0.000012
0.000033
0.000086
0.000210
0.000491
0.001098
0.002345
0.004782
0.009318
0.017349
0.030870
0.052500
0.085356
0.132686
0.197245
0.280445
0.381430
0.496331
0.617980
0.736331
0.839670
0.916462
0.957440
0.957440
0.916462
0.839670
0.736331
0.617980
0.496331
0.381430
0.280445
0.197245
0.132686
0.085356
0.052500
0.030870
0.017349
0.009318
0.004782
0.002345
0.001098
0.000491
0.000210
0.000086
0.000033
0.000012
0.000004
0.000001
0.000000
0.000000
0.000000
0.000000
0.000000
0.000000
0.000000
