-0.061733
-0.125761
-0.193268
-0.263489
-0.333370
-0.397854
-0.450779
-0.486188
-0.499726
-0.489723
-0.457665
-0.407905
-0.346738
-0.281112
-0.217369
-0.160309
-0.112761
-0.075649
-0.048404
-0.029540
-0.017194
-0.009545
-0.005054
-0.002552
-0.001229
-0.000565
-0.000247
-0.000103
-0.000041
-0.000016
-0.000006
-0.000003
-0.000003
-0.000006
-0.000016
-0.000041
-0.000103
-0.000247
-0.000565
-0.001229
-0.002552
-0.005054
-0.009545
-0.017194
-0.029540
-0.048404
-0.075649
-0.112761
-0.160309
-0.217369
-0.281112
-0.346738
-0.407905
-0.457665
-0.489723
-0.499726
-0.486188
-0.450779
-0.397854
-0.333370
-0.263489
-0.193268
-0.125761
-0.061733
