0.126805
0.240331
0.329505
0.387185
0.411046
0.403484
0.370633
0.320798
0.262729
0.204139
0.150744
0.105912
0.070856
0.045160
0.027431
0.015884
0.008769
0.004616
0.002317
0.001109
0.000506
0.000220
0.000092
0.000036
0.000014
0.000005
0.000002
0.000001
0.000000
0.000000
0.000000
0.000000
0.000000
0.000000
0.000000
0.000000
0.000001
0.000002
0.000005
0.000014
0.000036
0.000092
0.000220
0.000506
0.001109
0.002317
0.004616
0.008769
0.015884
0.027431
0.045160
0.070856
0.105912
0.150744
0.204139
0.262729
0.320798
0.370633
0.403484
0.411046
0.387185
0.329505
0.240331
0.126805
