-0.122252
-0.236435
-0.334960
-0.411319
-0.460812
-0.481264
-0.473485
-0.441240
-0.390655
-0.329146
-0.264163
-0.202060
-0.147349
-0.102459
-0.067942
-0.042966
-0.025914
-0.014907
-0.008178
-0.004279
-0.002136
-0.001017
-0.000461
-0.000200
-0.000083
-0.000033
-0.000012
-0.000004
-0.000001
-0.000000
-0.000000
-0.000000
-0.000000
-0.000000
-0.000000
-0.000001
-0.000004
-0.000012
-0.000033
-0.000083
-0.000200
-0.000461
-0.001017
-0.002136
-0.004279
-0.008178
-0.014907
-0.025914
-0.042966
-0.067942
-0.102459
-0.147349
-0.202060
-0.264163
-0.329146
-0.390655
-0.441240
-0.473485
-0.481264
-0.460812
-0.411319
-0.334960
-0.236435
-0.122252
