-0.000000
-0.000000
-0.000000
-0.000000
-0.000000
-0.000001
-0.000004
-0.000011
-0.000030
-0.000075
-0.000184
-0.000426
-0.000944
-0.001994
-0.004020
-0.007732
-0.014194
-0.024871
-0.041611
-0.066497
-0.101555
-0.148318
-0.207327
-0.277697
-0.356911
-0.440943
-0.524753
-0.603017
-0.670897
-0.724591
-0.761545
-0.780325
-0.780325
-0.761545
-0.724591
-0.670897
-0.603017
-0.524753
-0.440943
-0.356911
-0.277697
-0.207327
-0.148318
-0.101555
-0.066497
-0.041611
-0.024871
-0.014194
-0.007732
-0.004020
-0.001994
-0.000944
-0.000426
-0.000184
-0.000075
-0.000030
-0.000011
-0.000004
-0.000001
-0.000000
-0.000000
-0.000000
-0.000000
-0.000000
