-0.002432
-0.005828
-0.011310
-0.020271
-0.034407
-0.055611
-0.085694
-0.125937
-0.176518
-0.235973
-0.300870
-0.365878
-0.424360
-0.469435
-0.495288
-0.498404
-0.478352
-0.437880
-0.382300
-0.318342
-0.252829
-0.191514
-0.138362
-0.095340
-0.062658
-0.039276
-0.023484
-0.013398
-0.007308
-0.003846
-0.002039
-0.001278
-0.001278
-0.002039
-0.003846
-0.007308
-0.013398
-0.023484
-0.039276
-0.062658
-0.095340
-0.138362
-0.191514
-0.252829
-0.318342
-0.382300
-0.437880
-0.478352
-0.498404
-0.495288
-0.469435
-0.424360
-0.365878
-0.300870
-0.235973
-0.176518
-0.125937
-0.085694
-0.055611
-0.034407
-0.020271
-0.011310
-0.005828
-0.002432
