-0.001030
-0.002562
-0.005231
-0.009915
-0.017829
-0.030545
-0.049901
-0.077749
-0.115535
-0.163749
-0.221352
-0.285385
-0.350929
-0.411575
-0.460385
-0.491173
-0.499792
-0.485050
-0.448978
-0.396374
-0.333754
-0.268035
-0.205303
-0.149984
-0.104505
-0.069453
-0.044031
-0.026644
-0.015429
-0.008646
-0.004906
-0.003270
-0.003270
-0.004906
-0.008646
-0.015429
-0.026644
-0.044031
-0.069453
-0.104505
-0.149984
-0.205303
-0.268035
-0.333754
-0.396374
-0.448978
-0.485050
-0.499792
-0.491173
-0.460385
-0.411575
-0.350929
-0.285385
-0.221352
-0.163749
-0.115535
-0.077749
-0.049901
-0.030545
-0.017829
-0.009915
-0.005231
-0.002562
-0.001030
