-0.028295
-0.052733
-0.070321
-0.079525
-0.080437
-0.074515
-0.064027
-0.051416
-0.038775
-0.027553
-0.018492
-0.011743
-0.007065
-0.004031
-0.002183
-0.001123
-0.000549
-0.000255
-0.000113
-0.000047
-0.000019
-0.000007
-0.000003
-0.000001
-0.000000
-0.000000
-0.000000
-0.000000
-0.000000
-0.000000
-0.000000
-0.000000
-0.000000
-0.000000
-0.000000
-0.000000
-0.000000
-0.000000
-0.000000
-0.000000
-0.000001
-0.000003
-0.000007
-0.000019
-0.000047
-0.000113
-0.000255
-0.000549
-0.001123
-0.002183
-0.004031
-0.007065
-0.011743
-0.018492
-0.027553
-0.038775
-0.051416
-0.064027
-0.074515
-0.080437
-0.079525
-0.070321
-0.052733
-0.028295
