0.128246
0.246094
0.344279
0.415723
0.456384
0.465742
0.446761
0.405268
0.348852
0.285528
0.222480
0.165151
0.116845
0.078814
0.050690
0.031089
0.018184
0.010144
0.005397
0.002738
0.001325
0.000612
0.000269
0.000113
0.000045
0.000017
0.000006
0.000002
0.000001
0.000000
0.000000
0.000000
0.000000
0.000000
0.000000
0.000001
0.000002
0.000006
0.000017
0.000045
0.000113
0.000269
0.000612
0.001325
0.002738
0.005397
0.010144
0.018184
0.031089
0.050690
0.078814
0.116845
0.165151
0.222480
0.285528
0.348852
0.405268
0.446761
0.465742
0.456384
0.415723
0.344279
0.246094
0.128246
