0.000001
0.000003
0.000007
0.000020
0.000053
0.000131
0.000309
0.000697
0.001499
0.003073
0.006009
0.011208
0.019937
0.033826
0.054736
0.084478
0.124353
0.174588
0.233785
0.298589
0.363744
0.422677
0.468562
0.495661
0.500610
0.483290
0.447032
0.398092
0.344571
0.295034
0.257175
0.236725
0.236725
0.257175
0.295034
0.344571
0.398092
0.447032
0.483290
0.500610
0.495661
0.468562
0.422677
0.363744
0.298589
0.233785
0.174588
0.124353
0.084478
0.054736
0.033826
0.019937
0.011208
0.006009
0.003073
0.001499
0.000697
0.000309
0.000131
0.000053
0.000020
0.000007
0.000003
0.000001
