0.011918
0.026519
0.046416
0.073986
0.111045
0.158374
0.215198
0.278803
0.344475
0.405928
0.456224
0.489044
0.499987
0.487542
0.453426
0.402200
0.340267
0.274561
0.211301
0.155097
0.108579
0.072499
0.046170
0.028043
0.016246
0.008976
0.004730
0.002378
0.001141
0.000526
0.000241
0.000132
0.000132
0.000241
0.000526
0.001141
0.002378
0.004730
0.008976
0.016246
0.028043
0.046170
0.072499
0.108579
0.155097
0.211301
0.274561
0.340267
0.402200
0.453426
0.487542
0.499987
0.489044
0.456224
0.405928
0.344475
0.278803
0.215198
0.158374
0.111045
0.073986
0.046416
0.026519
0.011918
