-0.000000
-0.000000
-0.000000
-0.000000
-0.000000
-0.000000
-0.000001
-0.000003
-0.000008
-0.000022
-0.000058
-0.000144
-0.000342
-0.000771
-0.001663
-0.003422
-0.006729
-0.012640
-0.022693
-0.038953
-0.063951
-0.100462
-0.151081
-0.217621
-0.300406
-0.397634
-0.504977
-0.615626
-0.720847
-0.811051
-0.877184
-0.912185
-0.912185
-0.877184
-0.811051
-0.720847
-0.615626
-0.504977
-0.397634
-0.300406
-0.217621
-0.151081
-0.100462
-0.063951
-0.038953
-0.022693
-0.012640
-0.006729
-0.003422
-0.001663
-0.000771
-0.000342
-0.000144
-0.000058
-0.000022
-0.000008
-0.000003
-0.000001
-0.000000
-0.000000
-0.000000
-0.000000
-0.000000
-0.000000
