-0.000039
-0.000111
-0.000269
-0.000611
-0.001325
-0.002739
-0.005397
-0.010145
-0.018189
-0.031102
-0.050723
-0.078897
-0.117048
-0.165618
-0.223508
-0.287687
-0.353174
-0.413523
-0.461798
-0.491866
-0.499670
-0.484131
-0.447394
-0.394344
-0.331551
-0.265960
-0.203689
-0.149245
-0.105261
-0.072726
-0.051540
-0.041160
-0.041160
-0.051540
-0.072726
-0.105261
-0.149245
-0.203689
-0.265960
-0.331551
-0.394344
-0.447394
-0.484131
-0.499670
-0.491866
-0.461798
-0.413523
-0.353174
-0.287687
-0.223508
-0.165618
-0.117048
-0.078897
-0.050723
-0.031102
-0.018189
-0.010145
-0.005397
-0.002739
-0.001325
-0.000611
-0.000269
-0.000111
-0.000039
