0.000000
0.000000
0.000000
0.000001
0.000002
0.000005
0.000015
0.000039
0.000099
0.000237
0.000543
0.001184
0.002464
0.004892
0.009262
0.016729
0.028822
0.047373
0.074292
0.111184
0.158844
0.216729
0.282613
0.352570
0.421459
0.483849
0.535206
0.572962
0.597097
0.609951
0.615271
0.616784
0.616784
0.615271
0.609951
0.597097
0.572962
0.535206
0.483849
0.421459
0.352570
0.282613
0.216729
0.158844
0.111184
0.074292
0.047373
0.028822
0.016729
0.009262
0.004892
0.002464
0.001184
0.000543
0.000237
0.000099
0.000039
0.000015
0.000005
0.000002
0.000001
0.000000
0.000000
0.000000
