0.000604
0.001539
0.003237
0.006340
0.011789
0.020891
0.035303
0.056897
0.087461
0.128226
0.179300
0.239126
0.304169
0.369015
0.426987
0.471224
0.496001
0.497941
0.476778
0.435407
0.379242
0.315050
0.249623
0.188639
0.135965
0.093474
0.061306
0.038387
0.023018
0.013382
0.007902
0.005452
0.005452
0.007902
0.013382
0.023018
0.038387
0.061306
0.093474
0.135965
0.188639
0.249623
0.315050
0.379242
0.435407
0.476778
0.497941
0.496001
0.471224
0.426987
0.369015
0.304169
0.239126
0.179300
0.128226
0.087461
0.056897
0.035303
0.020891
0.011789
0.006340
0.003237
0.001539
0.000604
