-0.000000
-0.000000
-0.000001
-0.000003
-0.000008
-0.000021
-0.000055
-0.000137
-0.000323
-0.000725
-0.001555
-0.003181
-0.006207
-0.011549
-0.020495
-0.034692
-0.056010
-0.086250
-0.126691
-0.177518
-0.237310
-0.302731
-0.368669
-0.428890
-0.477189
-0.508779
-0.521563
-0.516872
-0.499384
-0.476159
-0.454994
-0.442515
-0.442515
-0.454994
-0.476159
-0.499384
-0.516872
-0.521563
-0.508779
-0.477189
-0.428890
-0.368669
-0.302731
-0.237310
-0.177518
-0.126691
-0.086250
-0.056010
-0.034692
-0.020495
-0.011549
-0.006207
-0.003181
-0.001555
-0.000725
-0.000323
-0.000137
-0.000055
-0.000021
-0.000008
-0.000003
-0.000001
-0.000000
-0.000000
