0.031211
0.058175
0.077590
0.087765
0.088797
0.082288
0.070735
0.056829
0.042880
0.030488
0.020476
0.013011
0.007834
0.004473
0.002425
0.001248
0.000611
0.000284
0.000126
0.000053
0.000021
0.000008
0.000003
0.000001
0.000000
0.000000
0.000000
0.000000
0.000000
0.000000
0.000000
0.000000
0.000000
0.000000
0.000000
0.000000
0.000000
0.000000
0.000000
0.000000
0.000001
0.000003
0.000008
0.000021
0.000053
0.000126
0.000284
0.000611
0.001248
0.002425
0.004473
0.007834
0.013011
0.020476
0.030488
0.042880
0.056829
0.070735
0.082288
0.088797
0.087765
0.077590
0.058175
0.031211
