-0.086721
-0.172785
-0.256585
-0.334985
-0.403378
-0.456401
-0.489126
-0.498343
-0.483515
-0.447112
-0.394198
-0.331422
-0.265740
-0.203216
-0.148215
-0.103101
-0.068403
-0.043284
-0.026123
-0.015037
-0.008255
-0.004323
-0.002159
-0.001028
-0.000467
-0.000202
-0.000084
-0.000033
-0.000012
-0.000004
-0.000002
-0.000001
-0.000001
-0.000002
-0.000004
-0.000012
-0.000033
-0.000084
-0.000202
-0.000467
-0.001028
-0.002159
-0.004323
-0.008255
-0.015037
-0.026123
-0.043284
-0.068403
-0.103101
-0.148215
-0.203216
-0.265740
-0.331422
-0.394198
-0.447112
-0.483515
-0.498343
-0.489126
-0.456401
-0.403378
-0.334985
-0.256585
-0.172785
-0.086721
