-0.000131
-0.000356
-0.000812
-0.001736
-0.003527
-0.006833
-0.012624
-0.022245
-0.037385
-0.059926
-0.091616
-0.133588
-0.185784
-0.246428
-0.311755
-0.376165
-0.432897
-0.475153
-0.497420
-0.496656
-0.472965
-0.429581
-0.372138
-0.307476
-0.242316
-0.182165
-0.130688
-0.089597
-0.058975
-0.037852
-0.024845
-0.018702
-0.018702
-0.024845
-0.037852
-0.058975
-0.089597
-0.130688
-0.182165
-0.242316
-0.307476
-0.372138
-0.429581
-0.472965
-0.496656
-0.497420
-0.475153
-0.432897
-0.376165
-0.311755
-0.246428
-0.185784
-0.133588
-0.091616
-0.059926
-0.037385
-0.022245
-0.012624
-0.006833
-0.003527
-0.001736
-0.000812
-0.000356
-0.000131
