0.000074
0.000207
0.000485
0.001068
0.002237
0.004470
0.008516
0.015475
0.026821
0.044336
0.069900
0.105108
0.150744
0.206198
0.269012
0.334733
0.397255
0.449656
0.485438
0.499837
0.490868
0.459774
0.410742
0.349981
0.284442
0.220539
0.163210
0.115479
0.078537
0.052197
0.035536
0.027527
0.027527
0.035536
0.052197
0.078537
0.115479
0.163210
0.220539
0.284442
0.349981
0.410742
0.459774
0.490868
0.499837
0.485438
0.449656
0.397255
0.334733
0.269012
0.206198
0.150744
0.105108
0.069900
0.044336
0.026821
0.015475
0.008516
0.004470
0.002237
0.001068
0.000485
0.000207
0.000074
