0.000002
0.000005
0.000014
0.000038
0.000096
0.000230
0.000527
0.001153
0.002403
0.004778
0.009060
0.016385
0.028264
0.046500
0.072965
0.109200
0.155873
0.212208
0.275548
0.341256
0.403104
0.454177
0.488134
0.500539
0.489890
0.458049
0.409963
0.352767
0.294549
0.243110
0.204968
0.184719
0.184719
0.204968
0.243110
0.294549
0.352767
0.409963
0.458049
0.489890
0.500539
0.488134
0.454177
0.403104
0.341256
0.275548
0.212208
0.155873
0.109200
0.072965
0.046500
0.028264
0.016385
0.009060
0.004778
0.002403
0.001153
0.000527
0.000230
0.000096
0.000038
0.000014
0.000005
0.000002
