0.000006
0.000019
0.000050
0.000125
0.000297
0.000670
0.001444
0.002968
0.005818
0.010876
0.019393
0.032980
0.053495
0.082757
0.122108
0.171840
0.230646
0.295264
0.360509
0.419821
0.466293
0.493974
0.499132
0.481092
0.442421
0.388390
0.325918
0.262305
0.204133
0.156569
0.123162
0.105994
0.105994
0.123162
0.156569
0.204133
0.262305
0.325918
0.388390
0.442421
0.481092
0.499132
0.493974
0.466293
0.419821
0.360509
0.295264
0.230646
0.171840
0.122108
0.082757
0.053495
0.032980
0.019393
0.010876
0.005818
0.002968
0.001444
0.000670
0.000297
0.000125
0.000050
0.000019
0.000006
