0.000000
0.000000
0.000000
0.000000
0.000000
0.000001
0.000004
0.000012
0.000031
0.000080
0.000194
0.000449
0.000992
0.002089
0.004198
0.008049
0.014727
0.025721
0.042889
0.068307
0.103958
0.151292
0.210723
0.281215
0.360102
0.443256
0.525625
0.601993
0.667749
0.719407
0.754757
0.772652
0.772652
0.754757
0.719407
0.667749
0.601993
0.525625
0.443256
0.360102
0.281215
0.210723
0.151292
0.103958
0.068307
0.042889
0.025721
0.014727
0.008049
0.004198
0.002089
0.000992
0.000449
0.000194
0.000080
0.000031
0.000012
0.000004
0.000001
0.000000
0.000000
0.000000
0.000000
0.000000
