0.001634
0.003986
0.007922
0.014578
0.025428
0.042248
0.066930
0.101122
0.145715
0.200265
0.262511
0.328195
0.391342
0.445066
0.482762
0.499440
0.492806
0.463778
0.416280
0.356371
0.290979
0.226601
0.168308
0.119231
0.080560
0.051916
0.031914
0.018722
0.010505
0.005695
0.003117
0.002012
0.002012
0.003117
0.005695
0.010505
0.018722
0.031914
0.051916
0.080560
0.119231
0.168308
0.226601
0.290979
0.356371
0.416280
0.463778
0.492806
0.499440
0.482762
0.445066
0.391342
0.328195
0.262511
0.200265
0.145715
0.101122
0.066930
0.042248
0.025428
0.014578
0.007922
0.003986
0.001634
