-0.000364
-0.000947
-0.002049
-0.004134
-0.007925
-0.014483
-0.025238
-0.041947
-0.066494
-0.100533
-0.144970
-0.199382
-0.261539
-0.327212
-0.390447
-0.444363
-0.482342
-0.499361
-0.493077
-0.464363
-0.417101
-0.357328
-0.291968
-0.227535
-0.169126
-0.119909
-0.081111
-0.052395
-0.032437
-0.019506
-0.011944
-0.008498
-0.008498
-0.011944
-0.019506
-0.032437
-0.052395
-0.081111
-0.119909
-0.169126
-0.227535
-0.291968
-0.357328
-0.417101
-0.464363
-0.493077
-0.499361
-0.482342
-0.444363
-0.390447
-0.327212
-0.261539
-0.199382
-0.144970
-0.100533
-0.066494
-0.041947
-0.025238
-0.014483
-0.007925
-0.004134
-0.002049
-0.000947
-0.000364
