-0.016604
-0.036341
-0.062121
-0.096325
-0.140374
-0.194233
-0.255973
-0.321603
-0.385325
-0.440310
-0.479873
-0.498808
-0.494518
-0.467597
-0.421700
-0.362724
-0.297571
-0.232835
-0.173758
-0.123676
-0.083959
-0.054361
-0.033570
-0.019773
-0.011107
-0.005951
-0.003041
-0.001482
-0.000690
-0.000308
-0.000137
-0.000072
-0.000072
-0.000137
-0.000308
-0.000690
-0.001482
-0.003041
-0.005951
-0.011107
-0.019773
-0.033570
-0.054361
-0.083959
-0.123676
-0.173758
-0.232835
-0.297571
-0.362724
-0.421700
-0.467597
-0.494518
-0.498808
-0.479873
-0.440310
-0.385325
-0.321603
-0.255973
-0.194233
-0.140374
-0.096325
-0.062121
-0.036341
-0.016604
