-0.048652
-0.100527
-0.157850
-0.221025
-0.288143
-0.354996
-0.415644
-0.463497
-0.492688
-0.499393
-0.482744
-0.445059
-0.391340
-0.328194
-0.262511
-0.200265
-0.145715
-0.101122
-0.066931
-0.042253
-0.025440
-0.014609
-0.008002
-0.004180
-0.002083
-0.000990
-0.000449
-0.000194
-0.000080
-0.000032
-0.000012
-0.000006
-0.000006
-0.000012
-0.000032
-0.000080
-0.000194
-0.000449
-0.000990
-0.002083
-0.004180
-0.008002
-0.014609
-0.025440
-0.042253
-0.066931
-0.101122
-0.145715
-0.200265
-0.262511
-0.328194
-0.391340
-0.445059
-0.482744
-0.499393
-0.492688
-0.463497
-0.415644
-0.354996
-0.288143
-0.221025
-0.157850
-0.100527
-0.048652
