0.081369
0.152209
0.204224
0.232937
0.238201
0.223618
0.195165
0.159546
0.122758
0.089188
0.061328
0.039980
0.024740
0.014545
0.008132
0.004325
0.002189
0.001055
0.000485
0.000212
0.000088
0.000035
0.000013
0.000005
0.000002
0.000001
0.000000
0.000000
0.000000
0.000000
0.000000
0.000000
0.000000
0.000000
0.000000
0.000000
0.000000
0.000000
0.000001
0.000002
0.000005
0.000013
0.000035
0.000088
0.000212
0.000485
0.001055
0.002189
0.004325
0.008132
0.014545
0.024740
0.039980
0.061328
0.089188
0.122758
0.159546
0.195165
0.223618
0.238201
0.232937
0.204224
0.152209
0.081369
