-0.056444
-0.105340
-0.140795
-0.159732
-0.162227
-0.151036
-0.130542
-0.105539
-0.080200
-0.057474
-0.038935
-0.024976
-0.015191
-0.008769
-0.004809
-0.002506
-0.001242
-0.000586
-0.000263
-0.000112
-0.000046
-0.000018
-0.000007
-0.000002
-0.000001
-0.000000
-0.000000
-0.000000
-0.000000
-0.000000
-0.000000
-0.000000
-0.000000
-0.000000
-0.000000
-0.000000
-0.000000
-0.000000
-0.000000
-0.000001
-0.000002
-0.000007
-0.000018
-0.000046
-0.000112
-0.000263
-0.000586
-0.001242
-0.002506
-0.004809
-0.008769
-0.015191
-0.024976
-0.038935
-0.057474
-0.080200
-0.105539
-0.130542
-0.151036
-0.162227
-0.159732
-0.140795
-0.105340
-0.056444
