0.005527
0.012759
0.023517
0.039779
0.063564
0.096640
0.140047
0.193536
0.255079
0.320645
0.384427
0.439588
0.479423
0.498693
0.494755
0.468153
0.422501
0.363672
0.298561
0.233775
0.174584
0.124352
0.084478
0.054736
0.033826
0.019937
0.011209
0.006012
0.003080
0.001519
0.000750
0.000440
0.000440
0.000750
0.001519
0.003080
0.006012
0.011209
0.019937
0.033826
0.054736
0.084478
0.124352
0.174584
0.233775
0.298561
0.363672
0.422501
0.468153
0.494755
0.498693
0.479423
0.439588
0.384427
0.320645
0.255079
0.193536
0.140047
0.096640
0.063564
0.039779
0.023517
0.012759
0.005527
