0.000000
0.000001
0.000002
0.000005
0.000014
0.000037
0.000095
0.000227
0.000521
0.001140
0.002378
0.004730
0.008976
0.016246
0.028044
0.046172
0.072505
0.108595
0.155137
0.211401
0.274802
0.340816
0.403397
0.455916
0.492480
0.509330
0.505901
0.485234
0.453543
0.419016
0.390103
0.373711
0.373711
0.390103
0.419016
0.453543
0.485234
0.505901
0.509330
0.492480
0.455916
0.403397
0.340816
0.274802
0.211401
0.155137
0.108595
0.072505
0.046172
0.028044
0.016246
0.008976
0.004730
0.002378
0.001140
0.000521
0.000227
0.000095
0.000037
0.000014
0.000005
0.000002
0.000001
0.000000
