-0.000000
-0.000000
-0.000000
-0.000000
-0.000001
-0.000003
-0.000008
-0.000021
-0.000055
-0.000135
-0.000319
-0.000717
-0.001539
-0.003152
-0.006157
-0.011472
-0.020395
-0.034598
-0.056015
-0.086579
-0.127806
-0.180295
-0.243254
-0.314258
-0.389358
-0.463635
-0.532093
-0.590628
-0.636766
-0.669866
-0.690709
-0.700642
-0.700642
-0.690709
-0.669866
-0.636766
-0.590628
-0.532093
-0.463635
-0.389358
-0.314258
-0.243254
-0.180295
-0.127806
-0.086579
-0.056015
-0.034598
-0.020395
-0.011472
-0.006157
-0.003152
-0.001539
-0.000717
-0.000319
-0.000135
-0.000055
-0.000021
-0.000008
-0.000003
-0.000001
-0.000000
-0.000000
-0.000000
-0.000000
