0.101799
0.191045
0.257717
0.296156
0.305740
0.290326
0.256776
0.213094
0.166715
0.123350
0.086498
0.057578
0.036424
0.021916
0.012551
0.006844
0.003555
0.001759
0.000830
0.000373
0.000160
0.000065
0.000025
0.000009
0.000003
0.000001
0.000000
0.000000
0.000000
0.000000
0.000000
0.000000
0.000000
0.000000
0.000000
0.000000
0.000000
0.000000
0.000001
0.000003
0.000009
0.000025
0.000065
0.000160
0.000373
0.000830
0.001759
0.003555
0.006844
0.012551
0.021916
0.036424
0.057578
0.086498
0.123350
0.166715
0.213094
0.256776
0.290326
0.305740
0.296156
0.257717
0.191045
0.101799
