0.000227
0.000602
0.001334
0.002765
0.005450
0.010238
0.018342
0.031342
0.051078
0.079393
0.117700
0.166423
0.224434
0.288674
0.354135
0.414353
0.462397
0.492153
0.499606
0.483723
0.446691
0.393423
0.330488
0.264787
0.202345
0.147496
0.102588
0.068159
0.043434
0.026933
0.017043
0.012458
0.012458
0.017043
0.026933
0.043434
0.068159
0.102588
0.147496
0.202345
0.264787
0.330488
0.393423
0.446691
0.483723
0.499606
0.492153
0.462397
0.414353
0.354135
0.288674
0.224434
0.166423
0.117700
0.079393
0.051078
0.031342
0.018342
0.010238
0.005450
0.002765
0.001334
0.000602
0.000227
