-0.000000
-0.000000
-0.000000
-0.000000
-0.000000
-0.000000
-0.000000
-0.000001
-0.000002
-0.000006
-0.000018
-0.000048
-0.000123
-0.000303
-0.000711
-0.001591
-0.003393
-0.006901
-0.013388
-0.024771
-0.043716
-0.073581
-0.118125
-0.180866
-0.264129
-0.367889
-0.488720
-0.619222
-0.748300
-0.862477
-0.948118
-0.994076
-0.994076
-0.948118
-0.862477
-0.748300
-0.619222
-0.488720
-0.367889
-0.264129
-0.180866
-0.118125
-0.073581
-0.043716
-0.024771
-0.013388
-0.006901
-0.003393
-0.001591
-0.000711
-0.000303
-0.000123
-0.000048
-0.000018
-0.000006
-0.000002
-0.000001
-0.000000
-0.000000
-0.000000
-0.000000
-0.000000
-0.000000
-0.000000
