-0.000000
-0.000000
-0.000000
-0.000000
-0.000000
-0.000001
-0.000002
-0.000006
-0.000016
-0.000041
-0.000104
-0.000249
-0.000570
-0.001243
-0.002589
-0.005146
-0.009766
-0.017701
-0.030650
-0.050723
-0.080270
-0.121545
-0.176234
-0.244905
-0.326522
-0.418163
-0.515060
-0.610997
-0.699008
-0.772220
-0.824686
-0.852061
-0.852061
-0.824686
-0.772220
-0.699008
-0.610997
-0.515060
-0.418163
-0.326522
-0.244905
-0.176234
-0.121545
-0.080270
-0.050723
-0.030650
-0.017701
-0.009766
-0.005146
-0.002589
-0.001243
-0.000570
-0.000249
-0.000104
-0.000041
-0.000016
-0.000006
-0.000002
-0.000001
-0.000000
-0.000000
-0.000000
-0.000000
-0.000000
