-0.000070
-0.000195
-0.000460
-0.001016
-0.002136
-0.004279
-0.008179
-0.014908
-0.025917
-0.042973
-0.067959
-0.102505
-0.147464
-0.202333
-0.264782
-0.330486
-0.393423
-0.446691
-0.483723
-0.499606
-0.492154
-0.462399
-0.414360
-0.354152
-0.288720
-0.224549
-0.166695
-0.118319
-0.080733
-0.053845
-0.036792
-0.028580
-0.028580
-0.036792
-0.053845
-0.080733
-0.118319
-0.166695
-0.224549
-0.288720
-0.354152
-0.414360
-0.462399
-0.492154
-0.499606
-0.483723
-0.446691
-0.393423
-0.330486
-0.264782
-0.202333
-0.147464
-0.102505
-0.067959
-0.042973
-0.025917
-0.014908
-0.008179
-0.004279
-0.002136
-0.001016
-0.000460
-0.000195
-0.000070
