-0.000000
-0.000000
-0.000000
-0.000000
-0.000000
-0.000000
-0.000000
-0.000001
-0.000003
-0.000008
-0.000022
-0.000058
-0.000147
-0.000355
-0.000819
-0.001802
-0.003784
-0.007586
-0.014518
-0.026521
-0.046249
-0.076994
-0.122366
-0.185659
-0.268928
-0.371898
-0.491007
-0.618917
-0.744840
-0.855820
-0.938844
-0.983329
-0.983329
-0.938844
-0.855820
-0.744840
-0.618917
-0.491007
-0.371898
-0.268928
-0.185659
-0.122366
-0.076994
-0.046249
-0.026521
-0.014518
-0.007586
-0.003784
-0.001802
-0.000819
-0.000355
-0.000147
-0.000058
-0.000022
-0.000008
-0.000003
-0.000001
-0.000000
-0.000000
-0.000000
-0.000000
-0.000000
-0.000000
-0.000000
