-0.000000
-0.000001
-0.000004
-0.000011
-0.000029
-0.000073
-0.000178
-0.000413
-0.000916
-0.001937
-0.003907
-0.007515
-0.013785
-0.024119
-0.040248
-0.064059
-0.097244
-0.140795
-0.194431
-0.256098
-0.321760
-0.385641
-0.441003
-0.481356
-0.501850
-0.500469
-0.478704
-0.441472
-0.396294
-0.351933
-0.316794
-0.297435
-0.297435
-0.316794
-0.351933
-0.396294
-0.441472
-0.478704
-0.500469
-0.501850
-0.481356
-0.441003
-0.385641
-0.321760
-0.256098
-0.194431
-0.140795
-0.097244
-0.064059
-0.040248
-0.024119
-0.013785
-0.007515
-0.003907
-0.001937
-0.000916
-0.000413
-0.000178
-0.000073
-0.000029
-0.000011
-0.000004
-0.000001
-0.000000
