-0.112840
-0.220139
-0.316239
-0.395512
-0.452908
-0.484796
-0.489823
-0.469437
-0.427843
-0.371320
-0.307102
-0.242136
-0.182041
-0.130516
-0.089241
-0.058196
-0.036195
-0.021471
-0.012147
-0.006555
-0.003373
-0.001656
-0.000775
-0.000346
-0.000147
-0.000060
-0.000023
-0.000009
-0.000003
-0.000001
-0.000000
-0.000000
-0.000000
-0.000000
-0.000001
-0.000003
-0.000009
-0.000023
-0.000060
-0.000147
-0.000346
-0.000775
-0.001656
-0.003373
-0.006555
-0.012147
-0.021471
-0.036195
-0.058196
-0.089241
-0.130516
-0.182041
-0.242136
-0.307102
-0.371320
-0.427843
-0.469437
-0.489823
-0.484796
-0.452908
-0.395512
-0.316239
-0.220139
-0.112840
